-3.2  -10
-3  -10
-3  -9.8
-3  -9.6
-2.8  -10
-2.8  -9.8
-2.8  -9.6
-2.8  -9.4
-2.8  -9.2
-2.8  -9
-2.6  -9.6
-2.6  -9.4
-2.6  -9.2
-2.6  -9
-2.6  -8.8
-2.6  -8.6
-2.6  -8.4
-2.4  -9
-2.4  -8.8
-2.4  -8.6
-2.4  -8.4
-2.4  -8.2
-2.4  -8
-2.4  -7.8
-2.2  -10
-2.2  -9.8
-2.2  -9.6
-2.2  -8.2
-2.2  -8
-2.2  -7.8
-2.2  -7.6
-2.2  -7.4
-2.2  -7.2
-2  -10
-2  -9.8
-2  -9.6
-2  -9.4
-2  -9.2
-2  -9
-2  -8.8
-2  -8.6
-2  -7.4
-2  -7.2
-2  -7
-2  -6.8
-2  -6.6
-1.8  -9.6
-1.8  -9.4
-1.8  -9.2
-1.8  -9
-1.8  -8.8
-1.8  -8.6
-1.8  -8.4
-1.8  -8.2
-1.8  -8
-1.8  -7.8
-1.8  -6.8
-1.8  -6.6
-1.8  -6.4
-1.8  -6.2
-1.8  -6
-1.6  -8.4
-1.6  -8.2
-1.6  -8
-1.6  -7.8
-1.6  -7.6
-1.6  -7.4
-1.6  -7.2
-1.6  -7
-1.6  -6.8
-1.6  -6
-1.6  -5.8
-1.6  -5.6
-1.6  -5.4
-1.4  -7
-1.4  -6.8
-1.4  -6.6
-1.4  -6.4
-1.4  -6.2
-1.4  -6
-1.4  -5.2
-1.4  -5
-1.4  -4.8
-1.2  -6
-1.2  -5.8
-1.2  -5.6
-1.2  -5.4
-1.2  -5.2
-1.2  -4.4
-1.2  -4.2
-1  -4.8
-1  -4.6
-1  -4.4
-1  -4.2
-1  -3.8
-1  -3.6
-1  -3.4
-0.8  -3.8
-0.8  -3.6
-0.8  -3.4
-0.8  -3
-0.8  -2.8
-0.6  -2.8
-0.6  -2.6
-0.6  -2.2
-0.6  -2
-0.4  -2
-0.4  -1.8
-0.4  -1.4
-0.4  -1.2
-0.2  -1.2
-0.2  -1
-0.2  -0.6
-2.05391e-15  -0.2
-2.05391e-15  0.2
0.2  0.6
0.2  1
0.2  1.2
0.4  1.2
0.4  1.4
0.4  1.8
0.4  2
0.6  2
0.6  2.2
0.6  2.6
0.6  2.8
0.8  2.8
0.8  3
0.8  3.4
0.8  3.6
0.8  3.8
1  3.4
1  3.6
1  3.8
1  4.2
1  4.4
1  4.6
1  4.8
1.2  4.2
1.2  4.4
1.2  5.2
1.2  5.4
1.2  5.6
1.2  5.8
1.2  6
1.4  4.8
1.4  5
1.4  5.2
1.4  6
1.4  6.2
1.4  6.4
1.4  6.6
1.4  6.8
1.4  7
1.6  5.4
1.6  5.6
1.6  5.8
1.6  6
1.6  6.8
1.6  7
1.6  7.2
1.6  7.4
1.6  7.6
1.6  7.8
1.6  8
1.6  8.2
1.6  8.4
1.8  6
1.8  6.2
1.8  6.4
1.8  6.6
1.8  6.8
1.8  7.8
1.8  8
1.8  8.2
1.8  8.4
1.8  8.6
1.8  8.8
1.8  9
1.8  9.2
1.8  9.4
1.8  9.6
2  6.6
2  6.8
2  7
2  7.2
2  7.4
2  8.6
2  8.8
2  9
2  9.2
2  9.4
2  9.6
2  9.8
2  10
2.2  7.2
2.2  7.4
2.2  7.6
2.2  7.8
2.2  8
2.2  8.2
2.2  9.6
2.2  9.8
2.2  10
2.4  7.8
2.4  8
2.4  8.2
2.4  8.4
2.4  8.6
2.4  8.8
2.4  9
2.6  8.4
2.6  8.6
2.6  8.8
2.6  9
2.6  9.2
2.6  9.4
2.6  9.6
2.8  9
2.8  9.2
2.8  9.4
2.8  9.6
2.8  9.8
2.8  10
3  9.6
3  9.8
3  10
3.2  10
