-5 314254
-4.98999 308705
-4.97998 303244
-4.96997 297868
-4.95996 292577
-4.94995 287369
-4.93994 282243
-4.92993 277199
-4.91992 272234
-4.90991 267348
-4.8999 262540
-4.88989 257809
-4.87988 253154
-4.86987 248573
-4.85986 244065
-4.84985 239630
-4.83984 235267
-4.82983 230974
-4.81982 226750
-4.80981 222595
-4.7998 218508
-4.78979 214487
-4.77978 210532
-4.76977 206641
-4.75976 202814
-4.74975 199050
-4.73974 195348
-4.72973 191707
-4.71972 188126
-4.70971 184605
-4.6997 181142
-4.68969 177737
-4.67968 174388
-4.66967 171095
-4.65966 167858
-4.64965 164675
-4.63964 161545
-4.62963 158468
-4.61962 155443
-4.60961 152469
-4.5996 149546
-4.58959 146672
-4.57958 143848
-4.56957 141071
-4.55956 138342
-4.54955 135660
-4.53954 133024
-4.52953 130434
-4.51952 127888
-4.50951 125386
-4.4995 122928
-4.48949 120512
-4.47948 118138
-4.46947 115806
-4.45946 113515
-4.44945 111264
-4.43944 109052
-4.42943 106880
-4.41942 104745
-4.40941 102649
-4.3994 100590
-4.38939 98567.2
-4.37938 96580.6
-4.36937 94629.5
-4.35936 92713.4
-4.34935 90831.6
-4.33934 88983.7
-4.32933 87169.2
-4.31932 85387.4
-4.30931 83637.9
-4.2993 81920.2
-4.28929 80233.7
-4.27928 78578
-4.26927 76952.6
-4.25926 75357
-4.24925 73790.7
-4.23924 72253.3
-4.22923 70744.2
-4.21922 69263.1
-4.20921 67809.5
-4.1992 66382.9
-4.18919 64982.8
-4.17918 63609
-4.16917 62260.9
-4.15916 60938.1
-4.14915 59640.2
-4.13914 58366.8
-4.12913 57117.5
-4.11912 55891.9
-4.10911 54689.6
-4.0991 53510.2
-4.08909 52353.3
-4.07908 51218.6
-4.06907 50105.7
-4.05906 49014.2
-4.04905 47943.7
-4.03904 46894
-4.02903 45864.6
-4.01902 44855.3
-4.00901 43865.6
-3.999 42895.3
-3.98899 41944
-3.97898 41011.3
-3.96897 40097.1
-3.95896 39200.9
-3.94895 38322.4
-3.93894 37461.4
-3.92893 36617.5
-3.91892 35790.4
-3.90891 34979.9
-3.8989 34185.6
-3.88889 33407.3
-3.87888 32644.7
-3.86887 31897.5
-3.85886 31165.5
-3.84885 30448.3
-3.83884 29745.8
-3.82883 29057.6
-3.81882 28383.5
-3.80881 27723.2
-3.7988 27076.6
-3.78879 26443.2
-3.77878 25823.1
-3.76877 25215.7
-3.75876 24621.1
-3.74875 24038.8
-3.73874 23468.8
-3.72873 22910.7
-3.71872 22364.3
-3.70871 21829.5
-3.6987 21306
-3.68869 20793.6
-3.67868 20292.2
-3.66867 19801.4
-3.65866 19321.1
-3.64865 18851.2
-3.63864 18391.3
-3.62863 17941.4
-3.61862 17501.2
-3.60861 17070.6
-3.5986 16649.4
-3.58859 16237.3
-3.57858 15834.3
-3.56857 15440.1
-3.55856 15054.6
-3.54855 14677.7
-3.53854 14309
-3.52853 13948.6
-3.51852 13596.2
-3.50851 13251.7
-3.4985 12914.9
-3.48849 12585.7
-3.47848 12263.9
-3.46847 11949.3
-3.45846 11641.9
-3.44845 11341.5
-3.43844 11048
-3.42843 10761.2
-3.41842 10480.9
-3.40841 10207.2
-3.3984 9939.7
-3.38839 9678.44
-3.37838 9423.25
-3.36837 9174.01
-3.35836 8930.6
-3.34835 8692.9
-3.33834 8460.79
-3.32833 8234.17
-3.31832 8012.91
-3.30831 7796.9
-3.2983 7586.05
-3.28829 7380.23
-3.27828 7179.35
-3.26827 6983.3
-3.25826 6791.99
-3.24825 6605.31
-3.23824 6423.16
-3.22823 6245.45
-3.21822 6072.09
-3.20821 5902.98
-3.1982 5738.03
-3.18819 5577.15
-3.17818 5420.26
-3.16817 5267.27
-3.15816 5118.09
-3.14815 4972.65
-3.13814 4830.86
-3.12813 4692.64
-3.11812 4557.91
-3.10811 4426.6
-3.0981 4298.64
-3.08809 4173.93
-3.07808 4052.43
-3.06807 3934.05
-3.05806 3818.72
-3.04805 3706.38
-3.03804 3596.95
-3.02803 3490.38
-3.01802 3386.6
-3.00801 3285.54
-2.998 3187.15
-2.98799 3091.35
-2.97798 2998.1
-2.96797 2907.33
-2.95796 2818.99
-2.94795 2733.01
-2.93794 2649.35
-2.92793 2567.95
-2.91792 2488.76
-2.90791 2411.73
-2.8979 2336.79
-2.88789 2263.91
-2.87788 2193.04
-2.86787 2124.13
-2.85786 2057.12
-2.84785 1991.98
-2.83784 1928.66
-2.82783 1867.12
-2.81782 1807.3
-2.80781 1749.18
-2.7978 1692.71
-2.78779 1637.84
-2.77778 1584.55
-2.76777 1532.78
-2.75776 1482.5
-2.74775 1433.68
-2.73774 1386.27
-2.72773 1340.25
-2.71772 1295.57
-2.70771 1252.21
-2.6977 1210.13
-2.68769 1169.29
-2.67768 1129.67
-2.66767 1091.23
-2.65766 1053.94
-2.64765 1017.78
-2.63764 982.705
-2.62763 948.699
-2.61762 915.73
-2.60761 883.77
-2.5976 852.793
-2.58759 822.772
-2.57758 793.682
-2.56757 765.497
-2.55756 738.195
-2.54755 711.749
-2.53754 686.138
-2.52753 661.339
-2.51752 637.328
-2.50751 614.085
-2.4975 591.589
-2.48749 569.817
-2.47748 548.751
-2.46747 528.371
-2.45746 508.656
-2.44745 489.589
-2.43744 471.151
-2.42743 453.324
-2.41742 436.09
-2.40741 419.433
-2.3974 403.335
-2.38739 387.781
-2.37738 372.754
-2.36737 358.24
-2.35736 344.222
-2.34735 330.687
-2.33734 317.62
-2.32733 305.007
-2.31732 292.834
-2.30731 281.089
-2.2973 269.757
-2.28729 258.827
-2.27728 248.287
-2.26727 238.123
-2.25726 228.326
-2.24725 218.882
-2.23724 209.782
-2.22723 201.014
-2.21722 192.568
-2.20721 184.434
-2.1972 176.602
-2.18719 169.062
-2.17718 161.805
-2.16717 154.821
-2.15716 148.103
-2.14715 141.64
-2.13714 135.425
-2.12713 129.449
-2.11712 123.705
-2.10711 118.185
-2.0971 112.881
-2.08709 107.787
-2.07708 102.894
-2.06707 98.1958
-2.05706 93.6863
-2.04705 89.3586
-2.03704 85.2065
-2.02703 81.2237
-2.01702 77.4045
-2.00701 73.7429
-1.997 70.2335
-1.98699 66.8707
-1.97698 63.6494
-1.96697 60.5643
-1.95696 57.6106
-1.94695 54.7834
-1.93694 52.0781
-1.92693 49.4902
-1.91692 47.0153
-1.90691 44.6492
-1.8969 42.3877
-1.88689 40.227
-1.87688 38.1631
-1.86687 36.1924
-1.85686 34.3112
-1.84685 32.516
-1.83684 30.8036
-1.82683 29.1706
-1.81682 27.6138
-1.80681 26.1303
-1.7968 24.7171
-1.78679 23.3712
-1.77678 22.0901
-1.76677 20.871
-1.75676 19.7114
-1.74675 18.6088
-1.73674 17.5608
-1.72673 16.5651
-1.71672 15.6194
-1.70671 14.7217
-1.6967 13.8699
-1.68669 13.0619
-1.67668 12.2958
-1.66667 11.5699
-1.65666 10.8822
-1.64665 10.2312
-1.63664 9.61511
-1.62663 9.03236
-1.61662 8.48145
-1.60661 7.96088
-1.5966 7.46925
-1.58659 7.0052
-1.57658 6.56742
-1.56657 6.15466
-1.55656 5.76571
-1.54655 5.39941
-1.53654 5.05466
-1.52653 4.73038
-1.51652 4.42557
-1.50651 4.13924
-1.4965 3.87044
-1.48649 3.6183
-1.47648 3.38193
-1.46647 3.16053
-1.45646 2.95329
-1.44645 2.75948
-1.43644 2.57837
-1.42643 2.40926
-1.41642 2.25152
-1.40641 2.10449
-1.3964 1.9676
-1.38639 1.84026
-1.37638 1.72194
-1.36637 1.61211
-1.35636 1.51028
-1.34635 1.41597
-1.33634 1.32875
-1.32633 1.24819
-1.31632 1.17388
-1.30631 1.10543
-1.2963 1.04249
-1.28629 0.984706
-1.27628 0.93175
-1.26627 0.883313
-1.25626 0.839098
-1.24625 0.798829
-1.23624 0.762242
-1.22623 0.729088
-1.21622 0.699131
-1.20621 0.67215
-1.1962 0.647936
-1.18619 0.626291
-1.17618 0.60703
-1.16617 0.58998
-1.15616 0.574974
-1.14615 0.561861
-1.13614 0.550494
-1.12613 0.54074
-1.11612 0.532471
-1.10611 0.525569
-1.0961 0.519922
-1.08609 0.515428
-1.07608 0.511991
-1.06607 0.509521
-1.05606 0.507934
-1.04605 0.507153
-1.03604 0.507106
-1.02603 0.507727
-1.01602 0.508954
-1.00601 0.510731
-0.995996 0.513006
-0.985986 0.515729
-0.975976 0.518858
-0.965966 0.522351
-0.955956 0.526171
-0.945946 0.530285
-0.935936 0.534662
-0.925926 0.539273
-0.915916 0.544094
-0.905906 0.549101
-0.895896 0.554273
-0.885886 0.559591
-0.875876 0.56504
-0.865866 0.570604
-0.855856 0.576269
-0.845846 0.582023
-0.835836 0.587857
-0.825826 0.593761
-0.815816 0.599726
-0.805806 0.605746
-0.795796 0.611814
-0.785786 0.617925
-0.775776 0.624073
-0.765766 0.630256
-0.755756 0.63647
-0.745746 0.642711
-0.735736 0.648976
-0.725726 0.655265
-0.715716 0.661574
-0.705706 0.667903
-0.695696 0.674249
-0.685686 0.680611
-0.675676 0.686988
-0.665666 0.693379
-0.655656 0.699782
-0.645646 0.706197
-0.635636 0.712622
-0.625626 0.719056
-0.615616 0.725498
-0.605606 0.731946
-0.595596 0.738398
-0.585586 0.744853
-0.575576 0.751309
-0.565566 0.757764
-0.555556 0.764216
-0.545546 0.770663
-0.535536 0.777101
-0.525526 0.783529
-0.515516 0.789942
-0.505506 0.79634
-0.495495 0.802717
-0.485485 0.80907
-0.475475 0.815397
-0.465465 0.821693
-0.455455 0.827954
-0.445445 0.834177
-0.435435 0.840356
-0.425425 0.846489
-0.415415 0.85257
-0.405405 0.858594
-0.395395 0.864557
-0.385385 0.870455
-0.375375 0.876282
-0.365365 0.882034
-0.355355 0.887705
-0.345345 0.893291
-0.335335 0.898786
-0.325325 0.904186
-0.315315 0.909485
-0.305305 0.914679
-0.295295 0.919762
-0.285285 0.924729
-0.275275 0.929576
-0.265265 0.934298
-0.255255 0.938889
-0.245245 0.943345
-0.235235 0.947662
-0.225225 0.951835
-0.215215 0.955859
-0.205205 0.959731
-0.195195 0.963445
-0.185185 0.966999
-0.175175 0.970388
-0.165165 0.973609
-0.155155 0.976657
-0.145145 0.979531
-0.135135 0.982226
-0.125125 0.98474
-0.115115 0.98707
-0.105105 0.989213
-0.0950951 0.991167
-0.0850851 0.992931
-0.0750751 0.994501
-0.0650651 0.995877
-0.0550551 0.997057
-0.045045 0.99804
-0.035035 0.998824
-0.025025 0.99941
-0.015015 0.999796
-0.00500501 0.999982
0.00500501 0.999968
0.015015 0.999755
0.025025 0.999342
0.035035 0.99873
0.045045 0.997921
0.0550551 0.996915
0.0650651 0.995713
0.0750751 0.994317
0.0850851 0.992729
0.0950951 0.99095
0.105105 0.988982
0.115115 0.986829
0.125125 0.984491
0.135135 0.981973
0.145145 0.979277
0.155155 0.976405
0.165165 0.973361
0.175175 0.970148
0.185185 0.96677
0.195195 0.96323
0.205205 0.959532
0.215215 0.95568
0.225225 0.951678
0.235235 0.947529
0.245245 0.943238
0.255255 0.93881
0.265265 0.934248
0.275275 0.929556
0.285285 0.92474
0.295295 0.919804
0.305305 0.914752
0.315315 0.90959
0.325325 0.90432
0.335335 0.898949
0.345345 0.893481
0.355355 0.88792
0.365365 0.882272
0.375375 0.87654
0.385385 0.870729
0.395395 0.864845
0.405405 0.858891
0.415415 0.852872
0.425425 0.846792
0.435435 0.840656
0.445445 0.834468
0.455455 0.828233
0.465465 0.821954
0.475475 0.815636
0.485485 0.809283
0.495495 0.802899
0.505506 0.796487
0.515516 0.790052
0.525526 0.783596
0.535536 0.777125
0.545546 0.77064
0.555556 0.764146
0.565566 0.757645
0.575576 0.751141
0.585586 0.744637
0.595596 0.738136
0.605606 0.731641
0.615616 0.725154
0.625626 0.718678
0.635636 0.712215
0.645646 0.705768
0.655656 0.699339
0.665666 0.69293
0.675676 0.686544
0.685686 0.680181
0.695696 0.673845
0.705706 0.667537
0.715716 0.661258
0.725726 0.655011
0.735736 0.648796
0.745746 0.642615
0.755756 0.63647
0.765766 0.630361
0.775776 0.62429
0.785786 0.618258
0.795796 0.612267
0.805806 0.606316
0.815816 0.600407
0.825826 0.594541
0.835836 0.588719
0.845846 0.582942
0.855856 0.57721
0.865866 0.571524
0.875876 0.565884
0.885886 0.560291
0.895896 0.554747
0.905906 0.54925
0.915916 0.543802
0.925926 0.538403
0.935936 0.533054
0.945946 0.527754
0.955956 0.522505
0.965966 0.517305
0.975976 0.512155
0.985986 0.507056
0.995996 0.502006
1.00601 0.497006
1.01602 0.492055
1.02603 0.487153
1.03604 0.482299
1.04605 0.477492
1.05606 0.472731
1.06607 0.468015
1.07608 0.463341
1.08609 0.458708
1.0961 0.454115
1.10611 0.449557
1.11612 0.445032
1.12613 0.440537
1.13614 0.436068
1.14615 0.431619
1.15616 0.427187
1.16617 0.422765
1.17618 0.418347
1.18619 0.413925
1.1962 0.409491
1.20621 0.405036
1.21622 0.400551
1.22623 0.396024
1.23624 0.391443
1.24625 0.386793
1.25626 0.382061
1.26627 0.37723
1.27628 0.372282
1.28629 0.367197
1.2963 0.361953
1.30631 0.356527
1.31632 0.350894
1.32633 0.345025
1.33634 0.338891
1.34635 0.332458
1.35636 0.325691
1.36637 0.318553
1.37638 0.311
1.38639 0.302989
1.3964 0.294472
1.40641 0.285396
1.41642 0.275706
1.42643 0.265342
1.43644 0.254239
1.44645 0.242329
1.45646 0.229539
1.46647 0.215788
1.47648 0.200993
1.48649 0.185064
1.4965 0.167904
1.50651 0.149412
1.51652 0.129478
1.52653 0.107986
1.53654 0.0848119
1.54655 0.0598253
1.55656 0.0328864
1.56657 0.00384733
1.57658 -0.0274488
1.58659 -0.0611684
1.5966 -0.0974875
1.60661 -0.136592
1.61662 -0.17868
1.62663 -0.22396
1.63664 -0.272651
1.64665 -0.324986
1.65666 -0.38121
1.66667 -0.441583
1.67668 -0.506377
1.68669 -0.575878
1.6967 -0.65039
1.70671 -0.730232
1.71672 -0.815737
1.72673 -0.907258
1.73674 -1.00517
1.74675 -1.10985
1.75676 -1.22171
1.76677 -1.34119
1.77678 -1.46872
1.78679 -1.60479
1.7968 -1.74988
1.80681 -1.90452
1.81682 -2.06923
1.82683 -2.2446
1.83684 -2.43121
1.84685 -2.62968
1.85686 -2.84067
1.86687 -3.06484
1.87688 -3.30291
1.88689 -3.55562
1.8969 -3.82374
1.90691 -4.10808
1.91692 -4.40947
1.92693 -4.7288
1.93694 -5.06698
1.94695 -5.42495
1.95696 -5.80372
1.96697 -6.20432
1.97698 -6.62782
1.98699 -7.07535
1.997 -7.54807
2.00701 -8.0472
2.01702 -8.574
2.02703 -9.12978
2.03704 -9.7159
2.04705 -10.3338
2.05706 -10.9849
2.06707 -11.6708
2.07708 -12.393
2.08709 -13.1533
2.0971 -13.9533
2.10711 -14.7947
2.11712 -15.6795
2.12713 -16.6095
2.13714 -17.5868
2.14715 -18.6133
2.15716 -19.6912
2.16717 -20.8227
2.17718 -22.0102
2.18719 -23.2558
2.1972 -24.5622
2.20721 -25.9318
2.21722 -27.3672
2.22723 -28.8712
2.23724 -30.4466
2.24725 -32.0962
2.25726 -33.8231
2.26727 -35.6304
2.27728 -37.5213
2.28729 -39.499
2.2973 -41.5671
2.30731 -43.729
2.31732 -45.9884
2.32733 -48.3491
2.33734 -50.815
2.34735 -53.39
2.35736 -56.0784
2.36737 -58.8844
2.37738 -61.8124
2.38739 -64.867
2.3974 -68.0528
2.40741 -71.3748
2.41742 -74.8379
2.42743 -78.4472
2.43744 -82.2081
2.44745 -86.1261
2.45746 -90.2066
2.46747 -94.4557
2.47748 -98.8791
2.48749 -103.483
2.4975 -108.274
2.50751 -113.259
2.51752 -118.443
2.52753 -123.835
2.53754 -129.44
2.54755 -135.268
2.55756 -141.324
2.56757 -147.617
2.57758 -154.154
2.58759 -160.945
2.5976 -167.997
2.60761 -175.319
2.61762 -182.919
2.62763 -190.808
2.63764 -198.994
2.64765 -207.486
2.65766 -216.296
2.66767 -225.433
2.67768 -234.907
2.68769 -244.73
2.6977 -254.912
2.70771 -265.465
2.71772 -276.399
2.72773 -287.728
2.73774 -299.464
2.74775 -311.618
2.75776 -324.204
2.76777 -337.235
2.77778 -350.725
2.78779 -364.687
2.7978 -379.136
2.80781 -394.087
2.81782 -409.554
2.82783 -425.552
2.83784 -442.099
2.84785 -459.208
2.85786 -476.899
2.86787 -495.186
2.87788 -514.088
2.88789 -533.622
2.8979 -553.807
2.90791 -574.662
2.91792 -596.205
2.92793 -618.456
2.93794 -641.435
2.94795 -665.163
2.95796 -689.661
2.96797 -714.95
2.97798 -741.053
2.98799 -767.991
2.998 -795.789
3.00801 -824.47
3.01802 -854.058
3.02803 -884.577
3.03804 -916.053
3.04805 -948.513
3.05806 -981.982
3.06807 -1016.49
3.07808 -1052.06
3.08809 -1088.72
3.0981 -1126.51
3.10811 -1165.44
3.11812 -1205.56
3.12813 -1246.89
3.13814 -1289.46
3.14815 -1333.31
3.15816 -1378.48
3.16817 -1424.98
3.17818 -1472.86
3.18819 -1522.16
3.1982 -1572.91
3.20821 -1625.14
3.21822 -1678.89
3.22823 -1734.21
3.23824 -1791.13
3.24825 -1849.7
3.25826 -1909.94
3.26827 -1971.91
3.27828 -2035.65
3.28829 -2101.19
3.2983 -2168.6
3.30831 -2237.9
3.31832 -2309.15
3.32833 -2382.4
3.33834 -2457.68
3.34835 -2535.06
3.35836 -2614.59
3.36837 -2696.3
3.37838 -2780.27
3.38839 -2866.53
3.3984 -2955.14
3.40841 -3046.17
3.41842 -3139.66
3.42843 -3235.67
3.43844 -3334.27
3.44845 -3435.51
3.45846 -3539.46
3.46847 -3646.17
3.47848 -3755.72
3.48849 -3868.16
3.4985 -3983.56
3.50851 -4101.99
3.51852 -4223.52
3.52853 -4348.22
3.53854 -4476.16
3.54855 -4607.41
3.55856 -4742.05
3.56857 -4880.15
3.57858 -5021.8
3.58859 -5167.06
3.5986 -5316.02
3.60861 -5468.77
3.61862 -5625.37
3.62863 -5785.93
3.63864 -5950.52
3.64865 -6119.23
3.65866 -6292.16
3.66867 -6469.38
3.67868 -6651.01
3.68869 -6837.12
3.6987 -7027.83
3.70871 -7223.21
3.71872 -7423.38
3.72873 -7628.44
3.73874 -7838.49
3.74875 -8053.63
3.75876 -8273.97
3.76877 -8499.63
3.77878 -8730.7
3.78879 -8967.31
3.7988 -9209.57
3.80881 -9457.6
3.81882 -9711.51
3.82883 -9971.43
3.83884 -10237.5
3.84885 -10509.8
3.85886 -10788.5
3.86887 -11073.7
3.87888 -11365.5
3.88889 -11664.1
3.8989 -11969.7
3.90891 -12282.3
3.91892 -12602.1
3.92893 -12929.2
3.93894 -13263.8
3.94895 -13606
3.95896 -13956.1
3.96897 -14314.1
3.97898 -14680.1
3.98899 -15054.4
3.999 -15437.2
4.00901 -15828.5
4.01902 -16228.5
4.02903 -16637.5
4.03904 -17055.6
4.04905 -17482.9
4.05906 -17919.7
4.06907 -18366.1
4.07908 -18822.3
4.08909 -19288.5
4.0991 -19764.8
4.10911 -20251.6
4.11912 -20748.9
4.12913 -21257
4.13914 -21776.1
4.14915 -22306.3
4.15916 -22848
4.16917 -23401.2
4.17918 -23966.3
4.18919 -24543.4
4.1992 -25132.7
4.20921 -25734.6
4.21922 -26349.1
4.22923 -26976.6
4.23924 -27617.3
4.24925 -28271.5
4.25926 -28939.2
4.26927 -29621
4.27928 -30316.8
4.28929 -31027.1
4.2993 -31752.1
4.30931 -32492.1
4.31932 -33247.2
4.32933 -34017.9
4.33934 -34804.3
4.34935 -35606.7
4.35936 -36425.5
4.36937 -37260.9
4.37938 -38113.2
4.38939 -38982.7
4.3994 -39869.8
4.40941 -40774.6
4.41942 -41697.6
4.42943 -42639
4.43944 -43599.2
4.44945 -44578.4
4.45946 -45577.1
4.46947 -46595.6
4.47948 -47634.1
4.48949 -48693.1
4.4995 -49772.8
4.50951 -50873.7
4.51952 -51996.1
4.52953 -53140.3
4.53954 -54306.8
4.54955 -55495.9
4.55956 -56708
4.56957 -57943.5
4.57958 -59202.7
4.58959 -60486.1
4.5996 -61794.1
4.60961 -63127
4.61962 -64485.4
4.62963 -65869.5
4.63964 -67279.9
4.64965 -68717
4.65966 -70181.1
4.66967 -71672.9
4.67968 -73192.6
4.68969 -74740.8
4.6997 -76317.9
4.70971 -77924.4
4.71972 -79560.8
4.72973 -81227.6
4.73974 -82925.2
4.74975 -84654.1
4.75976 -86414.9
4.76977 -88208
4.77978 -90034
4.78979 -91893.4
4.7998 -93786.7
4.80981 -95714.5
4.81982 -97677.3
4.82983 -99675.7
4.83984 -101710
4.84985 -103781
4.85986 -105890
4.86987 -108036
4.87988 -110221
4.88989 -112445
4.8999 -114708
4.90991 -117012
4.91992 -119356
4.92993 -121742
4.93994 -124171
4.94995 -126642
4.95996 -129156
4.96997 -131715
4.97998 -134318
4.98999 -136967
5 -139662
