-2 4
-1.998 2.91821e+158
-1.996 -5.7891e+157
-1.994 -8.07698e+155
-1.992 4.10819e+155
-1.98999 9.44364e+155
-1.98799 5.40094e+154
-1.98599 -1.73806e+153
-1.98399 -1.67451e+153
-1.98199 -6.09665e+151
-1.97999 8.42957e+149
-1.97799 2.00896e+151
-1.97599 -2.32845e+150
-1.97399 5.03674e+149
-1.97199 2.90749e+149
-1.96998 -3.48972e+148
-1.96798 -6.37939e+147
-1.96598 3.40664e+146
-1.96398 7.08978e+146
-1.96198 -3.74923e+146
-1.95998 -7.72261e+142
-1.95798 4.26534e+144
-1.95598 -3.16502e+144
-1.95398 -1.85161e+143
-1.95198 1.32595e+143
-1.94997 -1.37983e+143
-1.94797 2.07918e+141
-1.94597 1.54173e+141
-1.94397 7.27052e+140
-1.94197 4.18246e+140
-1.93997 8.66858e+138
-1.93797 4.66438e+139
-1.93597 -8.37148e+138
-1.93397 -8.29382e+137
-1.93197 2.18793e+136
-1.92996 -2.48214e+137
-1.92796 1.45964e+136
-1.92596 -2.74521e+135
-1.92396 1.63888e+136
-1.92196 5.28796e+135
-1.91996 -2.1882e+133
-1.91796 -1.11142e+133
-1.91596 -6.758e+133
-1.91396 5.44035e+131
-1.91196 -2.56115e+132
-1.90995 -2.42641e+132
-1.90795 -1.29611e+132
-1.90595 4.18206e+130
-1.90395 3.40825e+130
-1.90195 -4.42339e+130
-1.89995 8.14783e+128
-1.89795 -1.96873e+129
-1.89595 -8.24116e+128
-1.89395 -1.35543e+128
-1.89195 -7.62155e+127
-1.88994 1.37337e+127
-1.88794 -2.72246e+127
-1.88594 -4.93533e+125
-1.88394 -8.05417e+125
-1.88194 -1.19601e+126
-1.87994 8.54251e+123
-1.87794 -5.94393e+124
-1.87594 4.03487e+124
-1.87394 -9.94795e+122
-1.87194 -6.04695e+123
-1.86993 7.61958e+122
-1.86793 -3.87954e+122
-1.86593 1.03223e+121
-1.86393 8.32735e+121
-1.86193 1.2811e+120
-1.85993 7.48335e+118
-1.85793 3.28762e+120
-1.85593 1.78372e+120
-1.85393 4.55592e+119
-1.85193 -3.08946e+119
-1.84992 -9.74087e+118
-1.84792 -1.83206e+118
-1.84592 3.2492e+116
-1.84392 3.36356e+117
-1.84192 -1.46991e+116
-1.83992 -9.86e+115
-1.83792 -2.9675e+116
-1.83592 9.16392e+115
-1.83392 2.896e+115
-1.83192 -1.00473e+115
-1.82991 -5.6146e+114
-1.82791 -2.70244e+114
-1.82591 2.83782e+113
-1.82391 -4.73123e+113
-1.82191 -2.98101e+113
-1.81991 4.65437e+111
-1.81791 -2.30651e+112
-1.81591 6.24734e+111
-1.81391 -1.81077e+110
-1.81191 -1.61941e+111
-1.8099 -8.36931e+110
-1.8079 -1.38744e+110
-1.8059 1.56949e+109
-1.8039 -1.38195e+110
-1.8019 -8.84903e+108
-1.7999 -1.98382e+107
-1.7979 5.84247e+108
-1.7959 1.20592e+108
-1.7939 -2.64737e+107
-1.7919 -1.56787e+106
-1.78989 6.3934e+106
-1.78789 4.93814e+106
-1.78589 -4.6566e+105
-1.78389 -7.56394e+105
-1.78189 -4.85401e+105
-1.77989 -3.54076e+104
-1.77789 9.5279e+103
-1.77589 3.13064e+104
-1.77389 -3.59813e+103
-1.77189 4.73584e+103
-1.76988 -1.51201e+103
-1.76788 -2.38497e+102
-1.76588 -1.16924e+102
-1.76388 -4.31616e+102
-1.76188 1.68291e+101
-1.75988 -3.9437e+100
-1.75788 -8.37556e+100
-1.75588 -5.99555e+100
-1.75388 -1.79375e+100
-1.75188 5.03585e+99
-1.74987 3.25164e+99
-1.74787 1.65684e+99
-1.74587 -2.06837e+98
-1.74387 -1.845e+98
-1.74187 -4.18146e+96
-1.73987 3.29469e+97
-1.73787 -9.21329e+97
-1.73587 -8.99813e+97
-1.73387 5.64047e+95
-1.73187 1.97894e+96
-1.72986 9.22987e+95
-1.72786 1.17303e+96
-1.72586 2.39531e+95
-1.72386 -2.86348e+95
-1.72186 1.31001e+94
-1.71986 1.88815e+94
-1.71786 -7.09356e+93
-1.71586 -2.64292e+94
-1.71386 5.00975e+93
-1.71186 1.6908e+93
-1.70985 -3.49372e+92
-1.70785 2.8409e+92
-1.70585 2.62775e+91
-1.70385 9.11479e+91
-1.70185 -3.88841e+91
-1.69985 3.4109e+90
-1.69785 1.43455e+89
-1.69585 -8.8958e+90
-1.69385 6.86165e+89
-1.69185 5.62986e+89
-1.68984 -3.78938e+89
-1.68784 1.2124e+89
-1.68584 2.07082e+88
-1.68384 1.16593e+89
-1.68184 5.19395e+88
-1.67984 2.48245e+87
-1.67784 -7.96496e+87
-1.67584 6.00767e+85
-1.67384 6.66424e+86
-1.67184 -9.75086e+86
-1.66983 -4.63624e+86
-1.66783 9.89087e+85
-1.66583 1.3339e+85
-1.66383 -9.80957e+85
-1.66183 1.11322e+85
-1.65983 1.07391e+84
-1.65783 -8.38517e+84
-1.65583 -5.49371e+84
-1.65383 -9.6857e+83
-1.65183 2.72537e+83
-1.64982 1.40094e+83
-1.64782 -9.78021e+81
-1.64582 1.54808e+82
-1.64382 4.71261e+82
-1.64182 -1.63916e+82
-1.63982 3.87835e+80
-1.63782 1.03451e+81
-1.63582 -2.77782e+81
-1.63382 1.17989e+79
-1.63182 -2.79709e+79
-1.62981 -1.32888e+80
-1.62781 -1.18117e+80
-1.62581 -6.97607e+77
-1.62381 1.52599e+79
-1.62181 -1.64872e+78
-1.61981 -3.2089e+78
-1.61781 1.2007e+78
-1.61581 -1.28181e+77
-1.61381 -1.47667e+78
-1.61181 1.58606e+77
-1.6098 -1.12699e+78
-1.6078 -1.53758e+77
-1.6058 -5.66852e+75
-1.6038 -4.252e+76
-1.6018 3.79404e+76
-1.5998 -3.53055e+75
-1.5978 1.07809e+76
-1.5958 4.01241e+75
-1.5938 1.70798e+75
-1.5918 -5.85798e+74
-1.58979 -1.99541e+74
-1.58779 -2.77903e+74
-1.58579 9.61811e+72
-1.58379 -1.14026e+74
-1.58179 -3.70928e+73
-1.57979 -2.53827e+71
-1.57779 6.15558e+72
-1.57579 -8.43679e+72
-1.57379 1.05565e+72
-1.57179 7.81154e+71
-1.56978 -9.58846e+70
-1.56778 3.35741e+71
-1.56578 -1.43347e+70
-1.56378 4.80553e+70
-1.56178 -6.19941e+69
-1.55978 1.13849e+70
-1.55778 1.26204e+69
-1.55578 3.97573e+69
-1.55378 2.63394e+69
-1.55178 -4.10274e+69
-1.54977 7.52382e+67
-1.54777 5.99468e+68
-1.54577 1.46341e+67
-1.54377 -2.27859e+68
-1.54177 -2.59721e+68
-1.53977 -2.21625e+67
-1.53777 2.83486e+67
-1.53577 4.05217e+67
-1.53377 -4.27314e+66
-1.53177 -6.49914e+66
-1.52976 9.84799e+65
-1.52776 2.4691e+66
-1.52576 1.06889e+64
-1.52376 -1.55886e+66
-1.52176 -6.0636e+65
-1.51976 -5.95471e+64
-1.51776 2.18902e+64
-1.51576 2.01809e+64
-1.51376 -1.01101e+64
-1.51176 8.54523e+63
-1.50975 -4.43907e+63
-1.50775 7.9964e+63
-1.50575 -8.15392e+61
-1.50375 4.70762e+62
-1.50175 -3.42236e+62
-1.49975 -1.59069e+62
-1.49775 2.52581e+61
-1.49575 3.10352e+62
-1.49375 2.04997e+61
-1.49175 3.23815e+61
-1.48974 3.64175e+61
-1.48774 2.18326e+61
-1.48574 5.70348e+59
-1.48374 -2.56937e+60
-1.48174 2.49638e+60
-1.47974 3.90002e+59
-1.47774 -9.32329e+59
-1.47574 -5.68417e+59
-1.47374 -1.30269e+59
-1.47174 -6.68465e+58
-1.46973 -4.64905e+58
-1.46773 7.60279e+58
-1.46573 -2.58032e+57
-1.46373 4.73475e+57
-1.46173 -2.0096e+58
-1.45973 -9.77603e+56
-1.45773 -7.1401e+57
-1.45573 -8.27272e+57
-1.45373 -6.1339e+56
-1.45173 1.06511e+56
-1.44972 -4.72166e+55
-1.44772 -9.69121e+55
-1.44572 -5.03762e+53
-1.44372 -1.23044e+56
-1.44172 -7.55877e+54
-1.43972 1.31939e+55
-1.43772 -5.97332e+53
-1.43572 -3.94026e+53
-1.43372 8.38943e+54
-1.43172 1.74386e+54
-1.42971 3.04252e+54
-1.42771 1.17633e+54
-1.42571 1.41189e+51
-1.42371 -6.43065e+52
-1.42171 4.79982e+53
-1.41971 3.56201e+52
-1.41771 6.1216e+52
-1.41571 -2.08336e+52
-1.41371 -3.24331e+52
-1.41171 4.35673e+51
-1.4097 1.26808e+52
-1.4077 3.32611e+51
-1.4057 3.64231e+49
-1.4037 2.11652e+51
-1.4017 3.30648e+51
-1.3997 7.39074e+49
-1.3977 -1.3392e+50
-1.3957 2.53264e+50
-1.3937 -8.66494e+49
-1.3917 1.05087e+49
-1.38969 -3.44751e+49
-1.38769 -1.07504e+49
-1.38569 -9.13935e+47
-1.38369 8.39598e+48
-1.38169 9.9793e+48
-1.37969 1.27036e+48
-1.37769 -2.15102e+48
-1.37569 6.1362e+47
-1.37369 -4.04136e+47
-1.37169 2.1622e+47
-1.36968 -2.19618e+47
-1.36768 -2.66774e+47
-1.36568 8.82007e+45
-1.36368 2.27193e+47
-1.36168 -2.56713e+46
-1.35968 -1.13684e+46
-1.35768 -1.59718e+46
-1.35568 4.03059e+45
-1.35368 2.19121e+45
-1.35168 -2.45001e+45
-1.34967 2.03484e+45
-1.34767 -3.49153e+45
-1.34567 -2.31268e+42
-1.34367 4.80925e+44
-1.34167 8.03071e+43
-1.33967 3.01543e+43
-1.33767 -2.70744e+43
-1.33567 1.15394e+44
-1.33367 -4.58257e+43
-1.33167 3.00431e+42
-1.32966 9.75332e+42
-1.32766 -1.9537e+43
-1.32566 4.29255e+41
-1.32366 3.75643e+42
-1.32166 3.43316e+42
-1.31966 -1.98328e+41
-1.31766 -2.18579e+42
-1.31566 2.18398e+42
-1.31366 8.60685e+41
-1.31166 -1.39118e+41
-1.30965 5.68499e+40
-1.30765 -3.95805e+40
-1.30565 -9.75374e+39
-1.30365 -3.29994e+40
-1.30165 1.97505e+40
-1.29965 -1.85889e+39
-1.29765 1.67314e+39
-1.29565 -1.59423e+40
-1.29365 -9.50811e+38
-1.29165 -8.44422e+38
-1.28964 3.82587e+38
-1.28764 2.08499e+38
-1.28564 -6.37482e+37
-1.28364 -4.60381e+38
-1.28164 3.82801e+38
-1.27964 -1.24255e+38
-1.27764 2.37837e+37
-1.27564 3.24607e+37
-1.27364 3.90566e+37
-1.27164 -6.97313e+36
-1.26963 -3.18297e+37
-1.26763 -5.92646e+36
-1.26563 1.14394e+36
-1.26363 -2.28027e+36
-1.26163 2.82626e+36
-1.25963 -5.74099e+35
-1.25763 7.61282e+35
-1.25563 -6.03238e+35
-1.25363 6.28496e+35
-1.25163 7.00032e+34
-1.24962 4.11815e+35
-1.24762 1.2608e+35
-1.24562 -1.0197e+34
-1.24362 8.92131e+34
-1.24162 -6.94974e+34
-1.23962 1.70346e+34
-1.23762 1.4666e+33
-1.23562 -6.22324e+33
-1.23362 4.92527e+31
-1.23162 -6.54653e+32
-1.22961 -6.25794e+32
-1.22761 6.28833e+32
-1.22561 1.41191e+32
-1.22361 -1.4859e+33
-1.22161 1.65574e+33
-1.21961 7.04213e+31
-1.21761 -7.99074e+31
-1.21561 8.02831e+31
-1.21361 -2.81418e+31
-1.21161 5.67272e+29
-1.2096 2.81916e+31
-1.2076 3.14411e+31
-1.2056 -3.68765e+29
-1.2036 4.67783e+30
-1.2016 -1.10678e+31
-1.1996 3.30185e+30
-1.1976 -4.01174e+30
-1.1956 -1.9004e+30
-1.1936 4.3013e+29
-1.1916 3.25539e+29
-1.18959 1.28016e+30
-1.18759 2.88489e+29
-1.18559 3.82838e+28
-1.18359 1.85469e+29
-1.18159 -8.82721e+28
-1.17959 7.01015e+28
-1.17759 -5.1959e+27
-1.17559 3.95411e+28
-1.17359 4.0408e+28
-1.17159 2.2965e+26
-1.16958 -1.73314e+27
-1.16758 -1.75521e+28
-1.16558 -3.50972e+26
-1.16358 5.9393e+27
-1.16158 1.48267e+27
-1.15958 1.84822e+26
-1.15758 1.04835e+27
-1.15558 -8.26124e+26
-1.15358 1.04202e+26
-1.15158 -1.78399e+24
-1.14957 -2.84037e+25
-1.14757 1.81338e+26
-1.14557 2.49738e+25
-1.14357 7.35716e+25
-1.14157 -7.36456e+25
-1.13957 1.67816e+25
-1.13757 -1.38036e+25
-1.13557 2.30715e+25
-1.13357 -5.21831e+24
-1.13157 -3.49599e+22
-1.12956 3.05136e+24
-1.12756 3.67829e+24
-1.12556 -1.03818e+24
-1.12356 -1.57708e+24
-1.12156 -8.5153e+23
-1.11956 -3.96305e+23
-1.11756 -3.94544e+23
-1.11556 4.24607e+23
-1.11356 1.37276e+23
-1.11156 -2.6221e+22
-1.10955 -7.41768e+22
-1.10755 -2.76945e+22
-1.10555 -1.12193e+22
-1.10355 6.86214e+21
-1.10155 2.45478e+22
-1.09955 1.41463e+22
-1.09755 -3.7182e+21
-1.09555 -1.55281e+22
-1.09355 -7.61796e+21
-1.09155 4.65363e+20
-1.08954 3.85074e+21
-1.08754 -2.51752e+21
-1.08554 -2.36896e+20
-1.08354 7.54828e+20
-1.08154 2.07688e+21
-1.07954 2.10814e+20
-1.07754 -1.53675e+19
-1.07554 9.485e+19
-1.07354 -2.7508e+20
-1.07154 5.12501e+18
-1.06953 -1.00695e+20
-1.06753 -4.85279e+19
-1.06553 -5.91501e+18
-1.06353 3.27226e+18
-1.06153 3.8028e+19
-1.05953 4.10883e+18
-1.05753 6.19843e+18
-1.05553 2.12218e+19
-1.05353 -5.65026e+18
-1.05153 2.56822e+17
-1.04952 -7.5272e+18
-1.04752 1.03289e+17
-1.04552 -3.41719e+17
-1.04352 4.81341e+17
-1.04152 9.97198e+17
-1.03952 1.09636e+17
-1.03752 9.26326e+16
-1.03552 -1.82029e+17
-1.03352 -5.38988e+16
-1.03152 -7.09252e+15
-1.02951 -3.84453e+16
-1.02751 -7.41603e+16
-1.02551 -2.42475e+15
-1.02351 -1.17152e+16
-1.02151 -1.28888e+16
-1.01951 -1.47366e+16
-1.01751 -2.07712e+15
-1.01551 5.21664e+15
-1.01351 -9.60976e+15
-1.01151 -3.40481e+14
-1.0095 4.89236e+15
-1.0075 -1.32924e+15
-1.0055 -7.53058e+13
-1.0035 6.98029e+14
-1.0015 -1.35687e+15
-0.9995 -7.4359e+14
-0.997499 -1.75656e+13
-0.995498 -3.34537e+14
-0.993497 5.19887e+13
-0.991496 -1.48946e+13
-0.989495 1.62743e+14
-0.987494 -1.57746e+14
-0.985493 6.76498e+12
-0.983492 -2.27458e+13
-0.981491 -9.23274e+13
-0.97949 -2.32878e+13
-0.977489 2.03883e+12
-0.975488 -1.68296e+13
-0.973487 4.06723e+12
-0.971486 -4.79466e+11
-0.969485 1.35676e+13
-0.967484 3.28144e+11
-0.965483 1.82528e+11
-0.963482 -5.94151e+11
-0.961481 1.03364e+11
-0.95948 3.90513e+11
-0.957479 4.7603e+11
-0.955478 2.89287e+11
-0.953477 -1.12897e+11
-0.951476 -2.8889e+10
-0.949475 5.26089e+11
-0.947474 5.0066e+10
-0.945473 -3.37507e+10
-0.943472 6.3777e+10
-0.941471 3.49985e+10
-0.93947 1.26607e+10
-0.937469 5.06509e+09
-0.935468 4.19824e+10
-0.933467 2.50285e+09
-0.931466 -1.09507e+09
-0.929465 7.65249e+09
-0.927464 1.15936e+09
-0.925463 9.65876e+07
-0.923462 -6.76179e+09
-0.921461 -1.62719e+09
-0.91946 2.17772e+09
-0.917459 1.81056e+08
-0.915458 1.25176e+09
-0.913457 6.57463e+08
-0.911456 2.52857e+07
-0.909455 -2.60895e+08
-0.907454 -7.97098e+08
-0.905453 3.97771e+08
-0.903452 -3.67278e+08
-0.901451 -3.75377e+08
-0.89945 -1.81748e+08
-0.897449 3.03975e+07
-0.895448 5.55204e+07
-0.893447 2.94268e+07
-0.891446 715711
-0.889445 -4.45858e+07
-0.887444 8.18825e+06
-0.885443 -2.77908e+06
-0.883442 -1.04629e+06
-0.881441 2.4243e+07
-0.87944 8.16218e+06
-0.877439 928178
-0.875438 -404251
-0.873437 -2.49343e+06
-0.871436 48950.5
-0.869435 4.24108e+06
-0.867434 442492
-0.865433 1.34185e+06
-0.863432 -1.27447e+06
-0.861431 137075
-0.85943 27919.1
-0.857429 23324.4
-0.855428 -239120
-0.853427 -168598
-0.851426 209.425
-0.849425 -230029
-0.847424 150996
-0.845423 8307.48
-0.843422 -73712.6
-0.841421 -75449.7
-0.83942 44151.8
-0.837419 14605.2
-0.835418 -7075.81
-0.833417 -16193.2
-0.831416 148.454
-0.829415 -14550.6
-0.827414 18033.7
-0.825413 1164.54
-0.823412 3792.89
-0.821411 1008.4
-0.81941 -583.367
-0.817409 531.749
-0.815408 -1208.09
-0.813407 542.184
-0.811406 -38.767
-0.809405 1740.84
-0.807404 215.33
-0.805403 113.01
-0.803402 93.1688
-0.801401 -150.272
-0.7994 15.2555
-0.797399 -111.437
-0.795398 219.665
-0.793397 32.3457
-0.791396 3.10196
-0.789395 -86.3837
-0.787394 12.1896
-0.785393 29.8023
-0.783392 -28.7418
-0.781391 54.7239
-0.77939 -9.43877
-0.777389 0.602675
-0.775388 -32.6847
-0.773387 15.8698
-0.771386 1.042
-0.769385 -1.08231
-0.767384 0.448687
-0.765383 0.226431
-0.763382 1.53779
-0.761381 5.99809
-0.75938 -0.703793
-0.757379 1.30644
-0.755378 -1.3472
-0.753377 1.12742
-0.751376 0.63676
-0.749375 0.546594
-0.747374 0.451084
-0.745373 0.398077
-0.743372 0.742718
-0.741371 0.840932
-0.73937 0.61693
-0.737369 0.532715
-0.735368 0.636713
-0.733367 0.519421
-0.731366 0.53626
-0.729365 0.51994
-0.727364 0.523956
-0.725363 0.500776
-0.723362 0.537133
-0.721361 0.468595
-0.71936 0.496835
-0.717359 0.51387
-0.715358 0.530392
-0.713357 0.513187
-0.711356 0.50613
-0.709355 0.503675
-0.707354 0.500389
-0.705353 0.497878
-0.703352 0.495168
-0.701351 0.491986
-0.69935 0.489706
-0.697349 0.486655
-0.695348 0.482833
-0.693347 0.479511
-0.691346 0.477935
-0.689345 0.475261
-0.687344 0.472488
-0.685343 0.469871
-0.683342 0.466735
-0.681341 0.465221
-0.67934 0.461715
-0.677339 0.458724
-0.675338 0.456165
-0.673337 0.453495
-0.671336 0.4507
-0.669335 0.447974
-0.667334 0.445313
-0.665333 0.442655
-0.663332 0.440017
-0.661331 0.437381
-0.65933 0.434723
-0.657329 0.43209
-0.655328 0.429445
-0.653327 0.426834
-0.651326 0.424223
-0.649325 0.421621
-0.647324 0.419035
-0.645323 0.416443
-0.643322 0.413866
-0.641321 0.411303
-0.63932 0.408728
-0.637319 0.406175
-0.635318 0.403632
-0.633317 0.401089
-0.631316 0.39856
-0.629315 0.396036
-0.627314 0.393523
-0.625313 0.391016
-0.623312 0.388517
-0.621311 0.386027
-0.61931 0.383544
-0.617309 0.38107
-0.615308 0.378604
-0.613307 0.376145
-0.611306 0.373695
-0.609305 0.371252
-0.607304 0.368818
-0.605303 0.366391
-0.603302 0.363973
-0.601301 0.361562
-0.5993 0.35916
-0.597299 0.356766
-0.595298 0.354379
-0.593297 0.352001
-0.591296 0.349631
-0.589295 0.347268
-0.587294 0.344914
-0.585293 0.342567
-0.583292 0.340229
-0.581291 0.337899
-0.57929 0.335577
-0.577289 0.333262
-0.575288 0.330956
-0.573287 0.328658
-0.571286 0.326367
-0.569285 0.324085
-0.567284 0.321811
-0.565283 0.319544
-0.563282 0.317286
-0.561281 0.315036
-0.55928 0.312794
-0.557279 0.310559
-0.555278 0.308333
-0.553277 0.306115
-0.551276 0.303905
-0.549275 0.301703
-0.547274 0.299508
-0.545273 0.297322
-0.543272 0.295144
-0.541271 0.292974
-0.53927 0.290812
-0.537269 0.288658
-0.535268 0.286511
-0.533267 0.284373
-0.531266 0.282243
-0.529265 0.280121
-0.527264 0.278007
-0.525263 0.275901
-0.523262 0.273803
-0.521261 0.271713
-0.51926 0.269631
-0.517259 0.267556
-0.515258 0.26549
-0.513257 0.263432
-0.511256 0.261382
-0.509255 0.25934
-0.507254 0.257306
-0.505253 0.25528
-0.503252 0.253262
-0.501251 0.251252
-0.49925 0.24925
-0.497249 0.247256
-0.495248 0.24527
-0.493247 0.243292
-0.491246 0.241322
-0.489245 0.23936
-0.487244 0.237406
-0.485243 0.23546
-0.483242 0.233522
-0.481241 0.231593
-0.47924 0.229671
-0.477239 0.227757
-0.475238 0.225851
-0.473237 0.223953
-0.471236 0.222063
-0.469235 0.220181
-0.467234 0.218307
-0.465233 0.216441
-0.463232 0.214584
-0.461231 0.212734
-0.45923 0.210892
-0.457229 0.209058
-0.455228 0.207232
-0.453227 0.205414
-0.451226 0.203605
-0.449225 0.201803
-0.447224 0.200009
-0.445223 0.198223
-0.443222 0.196445
-0.441221 0.194676
-0.43922 0.192914
-0.437219 0.19116
-0.435218 0.189414
-0.433217 0.187677
-0.431216 0.185947
-0.429215 0.184225
-0.427214 0.182511
-0.425213 0.180806
-0.423212 0.179108
-0.421211 0.177418
-0.41921 0.175737
-0.417209 0.174063
-0.415208 0.172397
-0.413207 0.17074
-0.411206 0.16909
-0.409205 0.167448
-0.407204 0.165815
-0.405203 0.164189
-0.403202 0.162572
-0.401201 0.160962
-0.3992 0.15936
-0.397199 0.157767
-0.395198 0.156181
-0.393197 0.154604
-0.391196 0.153034
-0.389195 0.151472
-0.387194 0.149919
-0.385193 0.148373
-0.383192 0.146836
-0.381191 0.145306
-0.37919 0.143785
-0.377189 0.142271
-0.375188 0.140766
-0.373187 0.139268
-0.371186 0.137779
-0.369185 0.136297
-0.367184 0.134824
-0.365183 0.133358
-0.363182 0.131901
-0.361181 0.130451
-0.35918 0.12901
-0.357179 0.127577
-0.355178 0.126151
-0.353177 0.124734
-0.351176 0.123324
-0.349175 0.121923
-0.347174 0.120529
-0.345173 0.119144
-0.343172 0.117767
-0.341171 0.116397
-0.33917 0.115036
-0.337169 0.113683
-0.335168 0.112337
-0.333167 0.111
-0.331166 0.109671
-0.329165 0.108349
-0.327164 0.107036
-0.325163 0.105731
-0.323162 0.104433
-0.321161 0.103144
-0.31916 0.101863
-0.317159 0.10059
-0.315158 0.0993243
-0.313157 0.098067
-0.311156 0.0968178
-0.309155 0.0955766
-0.307154 0.0943433
-0.305153 0.0931181
-0.303152 0.0919009
-0.301151 0.0906917
-0.29915 0.0894905
-0.297149 0.0882973
-0.295148 0.0871121
-0.293147 0.0859349
-0.291146 0.0847657
-0.289145 0.0836046
-0.287144 0.0824514
-0.285143 0.0813063
-0.283142 0.0801691
-0.281141 0.07904
-0.27914 0.0779189
-0.277139 0.0768058
-0.275138 0.0757007
-0.273137 0.0746036
-0.271136 0.0735145
-0.269135 0.0724334
-0.267134 0.0713603
-0.265133 0.0702953
-0.263132 0.0692382
-0.261131 0.0681892
-0.25913 0.0671481
-0.257129 0.0661151
-0.255128 0.0650901
-0.253127 0.0640731
-0.251126 0.063064
-0.249125 0.062063
-0.247124 0.0610701
-0.245123 0.0600851
-0.243122 0.0591081
-0.241121 0.0581391
-0.23912 0.0571782
-0.237119 0.0562252
-0.235118 0.0552803
-0.233117 0.0543433
-0.231116 0.0534144
-0.229115 0.0524935
-0.227114 0.0515806
-0.225113 0.0506757
-0.223112 0.0497788
-0.221111 0.0488899
-0.21911 0.048009
-0.217109 0.0471361
-0.215108 0.0462713
-0.213107 0.0454144
-0.211106 0.0445656
-0.209105 0.0437247
-0.207104 0.0428919
-0.205103 0.0420671
-0.203102 0.0412502
-0.201101 0.0404414
-0.1991 0.0396406
-0.197099 0.0388478
-0.195098 0.0380631
-0.193097 0.0372863
-0.191096 0.0365175
-0.189095 0.0357567
-0.187094 0.035004
-0.185093 0.0342593
-0.183092 0.0335225
-0.181091 0.0327938
-0.17909 0.0320731
-0.177089 0.0313604
-0.175088 0.0306556
-0.173087 0.029959
-0.171086 0.0292703
-0.169085 0.0285896
-0.167084 0.0279169
-0.165083 0.0272522
-0.163082 0.0265956
-0.161081 0.0259469
-0.15908 0.0253063
-0.157079 0.0246737
-0.155078 0.024049
-0.153077 0.0234324
-0.151076 0.0228238
-0.149075 0.0222232
-0.147074 0.0216306
-0.145073 0.021046
-0.143072 0.0204695
-0.141071 0.0199009
-0.13907 0.0193403
-0.137069 0.0187878
-0.135068 0.0182432
-0.133067 0.0177067
-0.131066 0.0171782
-0.129065 0.0166577
-0.127064 0.0161451
-0.125063 0.0156406
-0.123062 0.0151441
-0.121061 0.0146557
-0.11906 0.0141752
-0.117059 0.0137027
-0.115058 0.0132382
-0.113057 0.0127818
-0.111056 0.0123333
-0.109055 0.0118929
-0.107054 0.0114605
-0.105053 0.011036
-0.103052 0.0106196
-0.101051 0.0102112
-0.0990495 0.00981081
-0.0970485 0.00941842
-0.0950475 0.00903403
-0.0930465 0.00865766
-0.0910455 0.00828929
-0.0890445 0.00792893
-0.0870435 0.00757657
-0.0850425 0.00723223
-0.0830415 0.00689589
-0.0810405 0.00656757
-0.0790395 0.00624725
-0.0770385 0.00593493
-0.0750375 0.00563063
-0.0730365 0.00533433
-0.0710355 0.00504604
-0.0690345 0.00476576
-0.0670335 0.00449349
-0.0650325 0.00422923
-0.0630315 0.00397297
-0.0610305 0.00372472
-0.0590295 0.00348448
-0.0570285 0.00325225
-0.0550275 0.00302803
-0.0530265 0.00281181
-0.0510255 0.0026036
-0.0490245 0.0024034
-0.0470235 0.00221121
-0.0450225 0.00202703
-0.0430215 0.00185085
-0.0410205 0.00168268
-0.0390195 0.00152252
-0.0370185 0.00137037
-0.0350175 0.00122623
-0.0330165 0.00109009
-0.0310155 0.000961962
-0.0290145 0.000841842
-0.0270135 0.00072973
-0.0250125 0.000625625
-0.0230115 0.000529529
-0.0210105 0.000441441
-0.0190095 0.000361361
-0.0170085 0.000289289
-0.0150075 0.000225225
-0.0130065 0.000169169
-0.0110055 0.000121121
-0.0090045 8.10811e-05
-0.0070035 4.9049e-05
-0.0050025 2.5025e-05
-0.0030015 9.00901e-06
-0.0010005 1.001e-06
0.0010005 1.001e-06
0.0030015 9.00901e-06
0.0050025 2.5025e-05
0.0070035 4.9049e-05
0.0090045 8.10811e-05
0.0110055 0.000121121
0.0130065 0.000169169
0.0150075 0.000225225
0.0170085 0.000289289
0.0190095 0.000361361
0.0210105 0.000441441
0.0230115 0.000529529
0.0250125 0.000625625
0.0270135 0.00072973
0.0290145 0.000841842
0.0310155 0.000961962
0.0330165 0.00109009
0.0350175 0.00122623
0.0370185 0.00137037
0.0390195 0.00152252
0.0410205 0.00168268
0.0430215 0.00185085
0.0450225 0.00202703
0.0470235 0.00221121
0.0490245 0.0024034
0.0510255 0.0026036
0.0530265 0.00281181
0.0550275 0.00302803
0.0570285 0.00325225
0.0590295 0.00348448
0.0610305 0.00372472
0.0630315 0.00397297
0.0650325 0.00422923
0.0670335 0.00449349
0.0690345 0.00476576
0.0710355 0.00504604
0.0730365 0.00533433
0.0750375 0.00563063
0.0770385 0.00593493
0.0790395 0.00624725
0.0810405 0.00656757
0.0830415 0.00689589
0.0850425 0.00723223
0.0870435 0.00757657
0.0890445 0.00792893
0.0910455 0.00828929
0.0930465 0.00865766
0.0950475 0.00903403
0.0970485 0.00941842
0.0990495 0.00981081
0.101051 0.0102112
0.103052 0.0106196
0.105053 0.011036
0.107054 0.0114605
0.109055 0.0118929
0.111056 0.0123333
0.113057 0.0127818
0.115058 0.0132382
0.117059 0.0137027
0.11906 0.0141752
0.121061 0.0146557
0.123062 0.0151441
0.125063 0.0156406
0.127064 0.0161451
0.129065 0.0166577
0.131066 0.0171782
0.133067 0.0177067
0.135068 0.0182432
0.137069 0.0187878
0.13907 0.0193403
0.141071 0.0199009
0.143072 0.0204695
0.145073 0.021046
0.147074 0.0216306
0.149075 0.0222232
0.151076 0.0228238
0.153077 0.0234324
0.155078 0.024049
0.157079 0.0246737
0.15908 0.0253063
0.161081 0.0259469
0.163082 0.0265956
0.165083 0.0272522
0.167084 0.0279169
0.169085 0.0285896
0.171086 0.0292703
0.173087 0.029959
0.175088 0.0306556
0.177089 0.0313604
0.17909 0.0320731
0.181091 0.0327938
0.183092 0.0335225
0.185093 0.0342593
0.187094 0.035004
0.189095 0.0357567
0.191096 0.0365175
0.193097 0.0372863
0.195098 0.0380631
0.197099 0.0388478
0.1991 0.0396406
0.201101 0.0404414
0.203102 0.0412502
0.205103 0.0420671
0.207104 0.0428919
0.209105 0.0437247
0.211106 0.0445656
0.213107 0.0454144
0.215108 0.0462713
0.217109 0.0471361
0.21911 0.048009
0.221111 0.0488899
0.223112 0.0497788
0.225113 0.0506757
0.227114 0.0515806
0.229115 0.0524935
0.231116 0.0534144
0.233117 0.0543433
0.235118 0.0552803
0.237119 0.0562252
0.23912 0.0571782
0.241121 0.0581391
0.243122 0.0591081
0.245123 0.0600851
0.247124 0.0610701
0.249125 0.062063
0.251126 0.063064
0.253127 0.0640731
0.255128 0.0650901
0.257129 0.0661151
0.25913 0.0671481
0.261131 0.0681892
0.263132 0.0692382
0.265133 0.0702953
0.267134 0.0713603
0.269135 0.0724334
0.271136 0.0735145
0.273137 0.0746036
0.275138 0.0757007
0.277139 0.0768058
0.27914 0.0779189
0.281141 0.07904
0.283142 0.0801691
0.285143 0.0813063
0.287144 0.0824514
0.289145 0.0836046
0.291146 0.0847657
0.293147 0.0859349
0.295148 0.0871121
0.297149 0.0882973
0.29915 0.0894905
0.301151 0.0906917
0.303152 0.0919009
0.305153 0.0931181
0.307154 0.0943433
0.309155 0.0955766
0.311156 0.0968178
0.313157 0.098067
0.315158 0.0993243
0.317159 0.10059
0.31916 0.101863
0.321161 0.103144
0.323162 0.104433
0.325163 0.105731
0.327164 0.107036
0.329165 0.108349
0.331166 0.109671
0.333167 0.111
0.335168 0.112337
0.337169 0.113683
0.33917 0.115036
0.341171 0.116397
0.343172 0.117767
0.345173 0.119144
0.347174 0.120529
0.349175 0.121923
0.351176 0.123324
0.353177 0.124734
0.355178 0.126151
0.357179 0.127577
0.35918 0.12901
0.361181 0.130451
0.363182 0.131901
0.365183 0.133358
0.367184 0.134824
0.369185 0.136297
0.371186 0.137779
0.373187 0.139268
0.375188 0.140766
0.377189 0.142271
0.37919 0.143785
0.381191 0.145306
0.383192 0.146836
0.385193 0.148373
0.387194 0.149919
0.389195 0.151472
0.391196 0.153034
0.393197 0.154604
0.395198 0.156181
0.397199 0.157767
0.3992 0.15936
0.401201 0.160962
0.403202 0.162572
0.405203 0.164189
0.407204 0.165815
0.409205 0.167448
0.411206 0.16909
0.413207 0.17074
0.415208 0.172397
0.417209 0.174063
0.41921 0.175737
0.421211 0.177418
0.423212 0.179108
0.425213 0.180806
0.427214 0.182511
0.429215 0.184225
0.431216 0.185947
0.433217 0.187677
0.435218 0.189414
0.437219 0.19116
0.43922 0.192914
0.441221 0.194676
0.443222 0.196445
0.445223 0.198223
0.447224 0.200009
0.449225 0.201803
0.451226 0.203605
0.453227 0.205414
0.455228 0.207232
0.457229 0.209058
0.45923 0.210892
0.461231 0.212734
0.463232 0.214584
0.465233 0.216441
0.467234 0.218307
0.469235 0.220181
0.471236 0.222063
0.473237 0.223953
0.475238 0.225851
0.477239 0.227757
0.47924 0.229671
0.481241 0.231593
0.483242 0.233522
0.485243 0.23546
0.487244 0.237406
0.489245 0.23936
0.491246 0.241322
0.493247 0.243292
0.495248 0.24527
0.497249 0.247256
0.49925 0.24925
0.501251 0.251252
0.503252 0.253262
0.505253 0.25528
0.507254 0.257306
0.509255 0.25934
0.511256 0.261382
0.513257 0.263432
0.515258 0.26549
0.517259 0.267556
0.51926 0.269631
0.521261 0.271713
0.523262 0.273803
0.525263 0.275901
0.527264 0.278007
0.529265 0.280121
0.531266 0.282243
0.533267 0.284373
0.535268 0.286511
0.537269 0.288658
0.53927 0.290812
0.541271 0.292974
0.543272 0.295144
0.545273 0.297322
0.547274 0.299508
0.549275 0.301703
0.551276 0.303905
0.553277 0.306115
0.555278 0.308333
0.557279 0.310559
0.55928 0.312794
0.561281 0.315036
0.563282 0.317286
0.565283 0.319544
0.567284 0.321811
0.569285 0.324085
0.571286 0.326367
0.573287 0.328658
0.575288 0.330956
0.577289 0.333262
0.57929 0.335576
0.581291 0.337899
0.583292 0.340229
0.585293 0.342567
0.587294 0.344914
0.589295 0.347268
0.591296 0.349631
0.593297 0.352001
0.595298 0.354379
0.597299 0.356766
0.5993 0.35916
0.601301 0.361562
0.603302 0.363973
0.605303 0.366391
0.607304 0.368818
0.609305 0.371252
0.611306 0.373695
0.613307 0.376146
0.615308 0.378603
0.617309 0.38107
0.61931 0.383544
0.621311 0.386026
0.623312 0.388517
0.625313 0.391015
0.627314 0.393522
0.629315 0.396036
0.631316 0.398559
0.633317 0.401085
0.635318 0.403631
0.637319 0.406174
0.63932 0.408732
0.641321 0.4113
0.643322 0.41386
0.645323 0.416448
0.647324 0.419043
0.649325 0.421623
0.651326 0.424226
0.653327 0.426859
0.655328 0.429437
0.657329 0.432085
0.65933 0.434709
0.661331 0.437358
0.663332 0.43997
0.665333 0.442731
0.667334 0.445371
0.669335 0.447928
0.671336 0.450696
0.673337 0.453219
0.675338 0.456142
0.677339 0.458717
0.67934 0.46151
0.681341 0.464812
0.683342 0.466642
0.685343 0.469503
0.687344 0.471836
0.689345 0.475533
0.691346 0.477897
0.693347 0.478872
0.695348 0.485716
0.697349 0.48714
0.69935 0.489912
0.701351 0.493643
0.703352 0.496571
0.705353 0.498666
0.707354 0.503779
0.709355 0.506234
0.711356 0.506015
0.713357 0.511877
0.715358 0.512111
0.717359 0.512753
0.71936 0.524845
0.721361 0.539191
0.723362 0.537554
0.725363 0.524752
0.727364 0.54457
0.729365 0.527916
0.731366 0.534868
0.733367 0.490733
0.735368 0.519585
0.737369 0.529427
0.73937 0.631546
0.741371 0.630731
0.743372 0.680754
0.745373 0.52057
0.747374 0.169585
0.749375 1.05376
0.751376 0.506629
0.753377 -0.179762
0.755378 1.02226
0.757379 0.962664
0.75938 0.646715
0.761381 3.6159
0.763382 0.500816
0.765383 1.60105
0.767384 -8.36527
0.769385 2.93685
0.771386 0.616211
0.773387 -7.88284
0.775388 -2.64408
0.777389 2.54856
0.77939 -9.33786
0.781391 2.72209
0.783392 3.84341
0.785393 -1.62355
0.787394 119.71
0.789395 -8.00857
0.791396 -1.76876
0.793397 -128.086
0.795398 40.4376
0.797399 -61.2343
0.7994 160.075
0.801401 279.811
0.803402 75.2781
0.805403 27.6927
0.807404 109.994
0.809405 543.803
0.811406 24.699
0.813407 -1517.5
0.815408 -49.4641
0.817409 -958.846
0.81941 -789.073
0.821411 -4254.49
0.823412 5114.79
0.825413 -492.891
0.827414 9174.65
0.829415 -3693.38
0.831416 56.6586
0.833417 9406.96
0.835418 -28912.7
0.837419 -9325.93
0.83942 -2729.01
0.841421 -9986.42
0.843422 74283.9
0.845423 37326.9
0.847424 -244901
0.849425 -5415.37
0.851426 -816.927
0.853427 -65603.6
0.855428 -120771
0.857429 -93452.3
0.85943 -319887
0.861431 37407.7
0.863432 -304623
0.865433 92769.2
0.867434 2.59349e+06
0.869435 1.31384e+06
0.871436 -46607.5
0.873437 -6.89129e+06
0.875438 -7.55314e+06
0.877439 -202191
0.87944 1.44482e+07
0.881441 -1.30497e+07
0.883442 -2.63522e+07
0.885443 7.16543e+06
0.887444 -1.08573e+07
0.889445 2.13777e+07
0.891446 -1.88973e+06
0.893447 -6.90502e+07
0.895448 4.81488e+07
0.897449 -1.21685e+07
0.89945 -7.06419e+07
0.901451 -2.75291e+08
0.903452 1.88453e+08
0.905453 -4.89981e+07
0.907454 771273
0.909455 8.65116e+08
0.911456 -6.73763e+06
0.913457 9.02698e+08
0.915458 -3.92917e+09
0.917459 4.84705e+08
0.91946 2.98466e+09
0.921461 5.49298e+09
0.923462 -3.10048e+09
0.925463 1.93048e+09
0.927464 -3.85883e+08
0.929465 1.87314e+10
0.931466 5.42194e+08
0.933467 6.4771e+08
0.935468 -2.56206e+10
0.937469 9.51462e+09
0.93947 2.46833e+10
0.941471 6.11489e+10
0.943472 -7.48915e+10
0.945473 4.38676e+10
0.947474 3.60625e+09
0.949475 -3.08047e+11
0.951476 -4.27193e+10
0.953477 8.28616e+11
0.955478 1.33434e+12
0.957479 1.98122e+11
0.95948 -3.68992e+11
0.961481 -3.71078e+12
0.963482 -1.52944e+12
0.965483 -7.58492e+10
0.967484 -2.09699e+12
0.969485 4.59249e+12
0.971486 4.4978e+11
0.973487 4.12668e+11
0.975488 -2.25171e+13
0.977489 -2.97494e+12
0.97949 3.82278e+11
0.981491 -9.06464e+13
0.983492 -2.38887e+13
0.985493 9.22286e+12
0.987494 -5.61856e+13
0.989495 6.11324e+13
0.991496 -2.9924e+12
0.993497 2.60759e+14
0.995498 8.33087e+13
0.997499 -4.83937e+13
0.9995 -3.73751e+14
1.0015 -1.8536e+15
1.0035 -1.41224e+15
1.0055 -7.81692e+14
1.0075 -1.57594e+15
1.0095 2.77419e+15
1.01151 -2.55933e+14
1.01351 8.32717e+14
1.01551 -1.82196e+14
1.01751 -9.25813e+14
1.01951 -5.33674e+14
1.02151 2.42054e+16
1.02351 1.92153e+16
1.02551 -1.59059e+16
1.02751 -8.30884e+16
1.02951 4.93153e+16
1.03152 -1.57737e+16
1.03352 -2.07062e+17
1.03552 3.36746e+17
1.03752 1.01093e+17
1.03952 1.8613e+16
1.04152 5.09514e+17
1.04352 1.44991e+18
1.04552 -2.77685e+17
1.04752 1.51732e+18
1.04952 -5.73184e+18
1.05153 3.76358e+17
1.05353 5.07042e+18
1.05553 4.56254e+19
1.05753 5.21154e+18
1.05953 4.58938e+18
1.06153 3.90394e+19
1.06353 -3.09963e+19
1.06553 -1.3192e+19
1.06753 -8.87732e+19
1.06953 1.91028e+19
1.07154 -1.22959e+18
1.07354 2.22433e+20
1.07554 2.25943e+20
1.07754 6.56551e+20
1.07954 -4.1492e+20
1.08154 -6.88586e+20
1.08354 3.18109e+20
1.08554 -3.12486e+20
1.08754 -1.67925e+21
1.08954 1.94363e+21
1.09155 4.25489e+20
1.09355 -1.08851e+21
1.09555 1.10067e+22
1.09755 -2.29701e+20
1.09955 2.08056e+22
1.10155 6.80528e+22
1.10355 2.96697e+22
1.10555 2.27219e+22
1.10755 1.12714e+22
1.10955 -5.64293e+22
1.11156 -1.34439e+21
1.11356 -3.45275e+23
1.11556 -1.71462e+23
1.11756 -4.48565e+23
1.11956 6.44978e+23
1.12156 2.49515e+24
1.12356 2.02538e+24
1.12556 -3.4164e+23
1.12756 -5.36393e+24
1.12956 -4.84276e+24
1.13157 -1.35935e+24
1.13357 -1.87362e+25
1.13557 -3.38574e+25
1.13757 -8.45462e+24
1.13957 4.67181e+24
1.14157 -6.03165e+24
1.14357 3.51692e+25
1.14557 -1.19602e+25
1.14757 2.31942e+26
1.14957 2.68666e+26
1.15158 -3.01206e+25
1.15358 -1.21936e+26
1.15558 3.15645e+26
1.15758 6.63961e+25
1.15958 1.83466e+27
1.16158 3.77709e+27
1.16358 5.85105e+27
1.16558 -8.5385e+26
1.16758 -2.41132e+28
1.16958 1.20063e+28
1.17159 2.16166e+27
1.17359 -3.99591e+28
1.17559 -1.00746e+29
1.17759 -3.1577e+28
1.17959 1.00163e+29
1.18159 -2.27244e+29
1.18359 2.07446e+29
1.18559 -4.52464e+27
1.18759 7.03385e+29
1.18959 1.31887e+30
1.1916 1.5806e+28
1.1936 7.92971e+29
1.1956 -1.53615e+30
1.1976 -1.05054e+30
1.1996 2.35154e+30
1.2016 -1.12007e+31
1.2036 1.40073e+31
1.2056 5.24589e+29
1.2076 4.77939e+31
1.2096 3.25066e+31
1.21161 6.44829e+30
1.21361 6.07006e+31
1.21561 -1.31676e+32
1.21761 -6.67733e+31
1.21961 2.96764e+32
1.22161 -2.31722e+33
1.22361 -2.07451e+33
1.22561 1.58399e+32
1.22761 2.19001e+33
1.22961 6.78174e+33
1.23162 2.5552e+33
1.23362 -9.12806e+32
1.23562 -3.15822e+34
1.23762 2.37445e+33
1.23962 -2.42875e+33
1.24162 -4.04148e+34
1.24362 2.9536e+33
1.24562 3.57589e+33
1.24762 1.56373e+35
1.24962 6.6948e+34
1.25163 2.13676e+35
1.25363 -1.24788e+36
1.25563 -1.3386e+36
1.25763 1.74919e+36
1.25963 -1.40099e+36
1.26163 8.35728e+36
1.26363 -6.20061e+36
1.26563 1.72562e+35
1.26763 3.83764e+37
1.26963 5.04393e+37
1.27164 2.21247e+37
1.27364 -1.5288e+37
1.27564 -9.72735e+37
1.27764 1.25727e+38
1.27964 -1.722e+38
1.28164 6.45066e+37
1.28364 -9.20272e+38
1.28564 2.6548e+37
1.28764 -1.8573e+39
1.28964 3.97741e+38
1.29165 -8.35909e+38
1.29365 5.49823e+38
1.29565 -3.77276e+39
1.29765 6.69609e+39
1.29965 -7.64248e+39
1.30165 -1.59102e+40
1.30365 -2.82098e+39
1.30565 -1.5127e+39
1.30765 2.29398e+41
1.30965 -5.70866e+40
1.31166 5.19062e+40
1.31366 6.15059e+41
1.31566 1.20053e+42
1.31766 -9.19218e+41
1.31966 -1.59079e+42
1.32166 -1.61262e+43
1.32366 -1.64733e+42
1.32566 3.57088e+41
1.32766 4.05587e+42
1.32966 -4.49927e+43
1.33167 1.52327e+42
1.33367 4.05154e+43
1.33567 -4.53939e+43
1.33767 -4.0084e+43
1.33967 -2.72352e+44
1.34167 7.63562e+44
1.34367 -6.26494e+44
1.34567 -7.69965e+43
1.34767 -2.00884e+45
1.34967 3.09158e+45
1.35168 1.10186e+45
1.35368 2.76298e+45
1.35568 -2.43631e+45
1.35768 6.02564e+45
1.35968 1.89441e+45
1.36168 1.2771e+47
1.36368 1.4769e+47
1.36568 -5.52158e+45
1.36768 3.1252e+47
1.36968 -4.76647e+47
1.37169 6.52731e+46
1.37369 1.32383e+48
1.37569 -9.123e+47
1.37769 -2.6264e+48
1.37969 -7.99985e+46
1.38169 -2.56602e+48
1.38369 -4.8754e+47
1.38569 1.52804e+46
1.38769 3.06447e+49
1.38969 -1.44602e+50
1.3917 -7.40646e+49
1.3937 -6.39163e+49
1.3957 -3.26995e+49
1.3977 -7.52861e+50
1.3997 3.91986e+50
1.4017 1.17417e+51
1.4037 -2.22858e+51
1.4057 5.29031e+49
1.4077 -5.89728e+51
1.4097 -2.22529e+52
1.41171 -3.36131e+51
1.41371 -1.37611e+52
1.41571 -7.18974e+52
1.41771 5.22816e+52
1.41971 6.67161e+51
1.42171 4.38097e+53
1.42371 7.30617e+52
1.42571 7.23897e+50
1.42771 -1.33551e+54
1.42971 -1.12855e+54
1.43172 1.05143e+54
1.43372 -1.5644e+54
1.43572 -2.76693e+54
1.43772 -8.74034e+54
1.43972 -2.15204e+55
1.44172 1.03447e+56
1.44372 4.70563e+55
1.44572 -3.44264e+54
1.44772 -1.8174e+56
1.44972 5.80482e+56
1.45173 -4.21085e+56
1.45373 -1.71054e+57
1.45573 1.86594e+57
1.45773 2.40074e+57
1.45973 -3.36036e+57
1.46173 4.85398e+58
1.46373 1.72931e+58
1.46573 2.0012e+56
1.46773 3.50967e+58
1.46973 1.22384e+59
1.47174 -1.5579e+57
1.47374 6.32993e+58
1.47574 -1.8422e+60
1.47774 -1.13216e+59
1.47974 6.9885e+59
1.48174 -4.58338e+60
1.48374 9.87239e+59
1.48574 -3.26584e+59
1.48774 1.07531e+61
1.48974 6.92207e+61
1.49175 3.39553e+61
1.49375 -2.90993e+61
1.49575 5.72005e+61
1.49775 -9.55417e+61
1.49975 2.74998e+62
1.50175 -1.70327e+63
1.50375 -3.49631e+61
1.50575 -1.3863e+62
1.50775 -1.54393e+63
1.50975 -2.81617e+64
1.51176 6.38408e+63
1.51376 -1.60116e+64
1.51576 -1.15425e+64
1.51776 -8.75043e+64
1.51976 2.70116e+63
1.52176 2.13951e+65
1.52376 -6.27254e+65
1.52576 -2.37803e+65
1.52776 3.21068e+66
1.52976 -1.858e+66
1.53177 -9.54601e+65
1.53377 6.08325e+66
1.53577 2.25942e+67
1.53777 5.01325e+67
1.53977 -4.91519e+67
1.54177 -1.73089e+68
1.54377 -6.85491e+67
1.54577 2.73302e+67
1.54777 1.3688e+68
1.54977 -5.03471e+68
1.55178 -2.32794e+69
1.55378 -2.23304e+69
1.55578 2.60577e+70
1.55778 2.00113e+70
1.55978 -1.61794e+70
1.56178 -7.83441e+70
1.56378 5.24054e+68
1.56578 -7.28631e+69
1.56778 -1.85626e+71
1.56978 3.5295e+71
1.57179 3.50655e+71
1.57379 1.73105e+72
1.57579 1.15397e+73
1.57779 5.6487e+72
1.57979 9.05415e+72
1.58179 -1.02931e+74
1.58379 -4.68225e+73
1.58579 -1.70794e+72
1.58779 -9.42256e+73
1.58979 -1.93391e+75
1.5918 -1.57254e+75
1.5938 6.46947e+74
1.5958 9.6338e+75
1.5978 8.30012e+75
1.5998 -4.07255e+75
1.6018 9.80827e+75
1.6038 5.35046e+76
1.6058 1.10275e+76
1.6078 -3.14799e+76
1.6098 -7.72956e+77
1.61181 -5.70574e+75
1.61381 -4.33753e+77
1.61581 3.86219e+78
1.61781 4.70535e+78
1.61981 -1.0029e+78
1.62181 -2.19888e+79
1.62381 6.73034e+79
1.62581 -4.27715e+77
1.62781 1.55992e+79
1.62981 -6.32761e+80
1.63182 -7.12412e+80
1.63382 4.62705e+80
1.63582 7.34469e+80
1.63782 2.44184e+81
1.63982 -2.95191e+80
1.64182 1.12798e+82
1.64382 1.02065e+83
1.64582 1.82227e+82
1.64782 3.41158e+82
1.64982 5.63903e+83
1.65183 -2.30262e+82
1.65383 1.20525e+84
1.65583 1.30381e+84
1.65783 2.33763e+84
1.65983 1.44963e+84
1.66183 2.74431e+85
1.66383 3.38064e+85
1.66583 1.85978e+85
1.66783 -1.74466e+86
1.66983 1.58053e+86
1.67184 -1.22535e+87
1.67384 -9.58877e+86
1.67584 -9.86958e+87
1.67784 -6.39008e+87
1.67984 3.94015e+87
1.68184 -1.3776e+88
1.68384 4.88537e+88
1.68584 -3.32572e+87
1.68784 1.78659e+89
1.68984 -1.04791e+89
1.69185 -1.13064e+89
1.69385 -3.09627e+90
1.69585 1.04849e+91
1.69785 -1.47487e+91
1.69985 4.91604e+90
1.70185 -1.18124e+91
1.70385 2.74876e+92
1.70585 1.04164e+91
1.70785 -2.97113e+92
1.70985 -2.32504e+93
1.71186 2.95663e+93
1.71386 -3.23264e+93
1.71586 3.94204e+93
1.71786 -4.70769e+94
1.71986 -3.09155e+93
1.72186 2.15029e+95
1.72386 2.86097e+95
1.72586 6.06436e+94
1.72786 1.05305e+96
1.72986 2.10962e+96
1.73187 -2.45164e+96
1.73387 1.44919e+96
1.73587 -1.14556e+98
1.73787 -8.84394e+96
1.73987 8.56769e+96
1.74187 3.63566e+98
1.74387 -2.10426e+98
1.74587 -1.70449e+98
1.74787 -1.69382e+99
1.74987 2.13913e+100
1.75188 1.02689e+100
1.75388 -3.54496e+100
1.75588 -6.16136e+100
1.75788 -2.61178e+101
1.75988 -3.07315e+100
1.76188 1.47681e+102
1.76388 -7.4714e+101
1.76588 -2.78779e+101
1.76788 5.91853e+101
1.76988 -2.89438e+102
1.77189 -1.27326e+102
1.77389 -5.6973e+103
1.77589 -5.77365e+103
1.77789 -1.29532e+105
1.77989 2.45956e+104
1.78189 -4.6281e+105
1.78389 2.01629e+105
1.78589 2.39966e+105
1.78789 -1.85197e+106
1.78989 1.72343e+107
1.7919 1.1345e+107
1.7939 -2.99724e+107
1.7959 1.14042e+108
1.7979 -4.7856e+108
1.7999 -1.68338e+108
1.8019 4.77372e+109
1.8039 -4.09587e+109
1.8059 -3.49682e+109
1.8079 -2.59398e+109
1.8099 1.72814e+111
1.81191 1.91564e+111
1.81391 1.72697e+111
1.81591 -1.20632e+112
1.81791 2.72061e+112
1.81991 3.11609e+111
1.82191 -1.83739e+113
1.82391 -9.03025e+113
1.82591 1.95981e+113
1.82791 5.73467e+113
1.82991 4.10417e+114
1.83192 7.71154e+113
1.83392 -1.76193e+115
1.83592 1.23451e+116
1.83792 4.80999e+116
1.83992 1.3185e+114
1.84192 -2.4987e+117
1.84392 -1.74556e+117
1.84592 -3.21223e+117
1.84792 9.45697e+117
1.84992 5.31027e+118
1.85193 -2.94691e+117
1.85393 -1.81326e+119
1.85593 6.46934e+119
1.85793 -1.42183e+120
1.85993 -2.09441e+120
1.86193 -7.32504e+120
1.86393 -1.89137e+122
1.86593 -1.73136e+122
1.86793 -1.06471e+122
1.86993 -2.23434e+122
1.87194 -5.10441e+123
1.87394 6.73624e+123
1.87594 -5.48078e+124
1.87794 4.50835e+124
1.87994 -4.38071e+122
1.88194 4.26688e+125
1.88394 -1.58471e+126
1.88594 -1.24323e+126
1.88794 -3.1982e+126
1.88994 -9.8641e+127
1.89195 7.62799e+126
1.89395 -6.85746e+127
1.89595 -1.3533e+129
1.89795 -2.30323e+128
1.89995 -2.53154e+128
1.90195 7.15225e+129
1.90395 -1.1496e+131
1.90595 -5.67393e+130
1.90795 -6.14115e+131
1.90995 1.78056e+132
1.91196 -1.39571e+132
1.91396 2.21969e+133
1.91596 6.52854e+133
1.91796 2.92166e+134
1.91996 -1.34175e+133
1.92196 3.10748e+135
1.92396 7.20962e+135
1.92596 3.91381e+135
1.92796 3.18858e+135
1.92996 3.17906e+137
1.93197 -9.74044e+137
1.93397 -4.97754e+137
1.93597 -1.11289e+138
1.93797 2.89938e+139
1.93997 3.9864e+138
1.94197 4.08792e+140
1.94397 1.4489e+140
1.94597 -7.11788e+140
1.94797 4.07745e+141
1.94997 4.50378e+142
1.95198 -7.64339e+142
1.95398 1.55515e+143
1.95598 9.21547e+143
1.95798 -1.63792e+145
1.95998 -1.82261e+143
1.96198 -1.56541e+146
1.96398 8.94903e+145
1.96598 -9.04852e+144
1.96798 -6.98038e+147
1.96998 9.72276e+147
1.97199 -1.01161e+148
1.97399 1.70362e+149
1.97599 -7.33747e+150
1.97799 2.39671e+150
1.97999 -1.60296e+150
1.98199 -1.54705e+152
1.98399 -2.84718e+153
1.98599 -7.4835e+152
1.98799 -5.77591e+154
1.98999 1.58535e+155
1.992 -3.82171e+155
1.994 7.07692e+156
1.996 2.54495e+157
1.998 7.75151e+157
2 2.18888e+146
