-0.995992 -0.995992
-0.991984 -0.991984
-0.987976 -0.987976
-0.983968 -0.983968
-0.97996 -0.97996
-0.975952 -0.975952
-0.971944 -0.971944
-0.967936 -0.967936
-0.963928 -0.963928
-0.95992 -0.95992
-0.955912 -0.955912
-0.951904 -0.951904
-0.947896 -0.947896
-0.943888 -0.943888
-0.93988 -0.93988
-0.935872 -0.935872
-0.931864 -0.931864
-0.927856 -0.927856
-0.923848 -0.923848
-0.91984 -0.91984
-0.915832 -0.915832
-0.911824 -0.911824
-0.907816 -0.907816
-0.903808 -0.903808
-0.8998 -0.8998
-0.895792 -0.895792
-0.891784 -0.891784
-0.887776 -0.887776
-0.883768 -0.883768
-0.87976 -0.87976
-0.875752 -0.875752
-0.871743 -0.871743
-0.867735 -0.867735
-0.863727 -0.863727
-0.859719 -0.859719
-0.855711 -0.855711
-0.851703 -0.851703
-0.847695 -0.847695
-0.843687 -0.843687
-0.839679 -0.839679
-0.835671 -0.835671
-0.831663 -0.831663
-0.827655 -0.827655
-0.823647 -0.823647
-0.819639 -0.819639
-0.815631 -0.815631
-0.811623 -0.811623
-0.807615 -0.807615
-0.803607 -0.803607
-0.799599 -0.799599
-0.795591 -0.795591
-0.791583 -0.791583
-0.787575 -0.787575
-0.783567 -0.783567
-0.779559 -0.779559
-0.775551 -0.775551
-0.771543 -0.771543
-0.767535 -0.767535
-0.763527 -0.763527
-0.759519 -0.759519
-0.755511 -0.755511
-0.751503 -0.751503
-0.747495 -0.747495
-0.743487 -0.743487
-0.739479 -0.739479
-0.735471 -0.735471
-0.731463 -0.731463
-0.727455 -0.727455
-0.723447 -0.723447
-0.719439 -0.719439
-0.715431 -0.715431
-0.711423 -0.711423
-0.707415 -0.707415
-0.703407 -0.703407
-0.699399 -0.699399
-0.695391 -0.695391
-0.691383 -0.691383
-0.687375 -0.687375
-0.683367 -0.683367
-0.679359 -0.679359
-0.675351 -0.675351
-0.671343 -0.671343
-0.667335 -0.667335
-0.663327 -0.663327
-0.659319 -0.659319
-0.655311 -0.655311
-0.651303 -0.651303
-0.647295 -0.647295
-0.643287 -0.643287
-0.639279 -0.639279
-0.635271 -0.635271
-0.631263 -0.631263
-0.627255 -0.627255
-0.623246 -0.623246
-0.619238 -0.619238
-0.61523 -0.61523
-0.611222 -0.611222
-0.607214 -0.607214
-0.603206 -0.603206
-0.599198 -0.599198
-0.59519 -0.59519
-0.591182 -0.591182
-0.587174 -0.587174
-0.583166 -0.583166
-0.579158 -0.579158
-0.57515 -0.57515
-0.571142 -0.571142
-0.567134 -0.567134
-0.563126 -0.563126
-0.559118 -0.559118
-0.55511 -0.55511
-0.551102 -0.551102
-0.547094 -0.547094
-0.543086 -0.543086
-0.539078 -0.539078
-0.53507 -0.53507
-0.531062 -0.531062
-0.527054 -0.527054
-0.523046 -0.523046
-0.519038 -0.519038
-0.51503 -0.51503
-0.511022 -0.511022
-0.507014 -0.507014
-0.503006 -0.503006
-0.498998 -0.498998
-0.49499 -0.49499
-0.490982 -0.490982
-0.486974 -0.486974
-0.482966 -0.482966
-0.478958 -0.478958
-0.47495 -0.47495
-0.470942 -0.470942
-0.466934 -0.466934
-0.462926 -0.462926
-0.458918 -0.458918
-0.45491 -0.45491
-0.450902 -0.450902
-0.446894 -0.446894
-0.442886 -0.442886
-0.438878 -0.438878
-0.43487 -0.43487
-0.430862 -0.430862
-0.426854 -0.426854
-0.422846 -0.422846
-0.418838 -0.418838
-0.41483 -0.41483
-0.410822 -0.410822
-0.406814 -0.406814
-0.402806 -0.402806
-0.398798 -0.398798
-0.39479 -0.39479
-0.390782 -0.390782
-0.386774 -0.386774
-0.382766 -0.382766
-0.378758 -0.378758
-0.374749 -0.374749
-0.370741 -0.370741
-0.366733 -0.366733
-0.362725 -0.362725
-0.358717 -0.358717
-0.354709 -0.354709
-0.350701 -0.350701
-0.346693 -0.346693
-0.342685 -0.342685
-0.338677 -0.338677
-0.334669 -0.334669
-0.330661 -0.330661
-0.326653 -0.326653
-0.322645 -0.322645
-0.318637 -0.318637
-0.314629 -0.314629
-0.310621 -0.310621
-0.306613 -0.306613
-0.302605 -0.302605
-0.298597 -0.298597
-0.294589 -0.294589
-0.290581 -0.290581
-0.286573 -0.286573
-0.282565 -0.282565
-0.278557 -0.278557
-0.274549 -0.274549
-0.270541 -0.270541
-0.266533 -0.266533
-0.262525 -0.262525
-0.258517 -0.258517
-0.254509 -0.254509
-0.250501 -0.250501
-0.246493 -0.246493
-0.242485 -0.242485
-0.238477 -0.238477
-0.234469 -0.234469
-0.230461 -0.230461
-0.226453 -0.226453
-0.222445 -0.222445
-0.218437 -0.218437
-0.214429 -0.214429
-0.210421 -0.210421
-0.206413 -0.206413
-0.202405 -0.202405
-0.198397 -0.198397
-0.194389 -0.194389
-0.190381 -0.190381
-0.186373 -0.186373
-0.182365 -0.182365
-0.178357 -0.178357
-0.174349 -0.174349
-0.170341 -0.170341
-0.166333 -0.166333
-0.162325 -0.162325
-0.158317 -0.158317
-0.154309 -0.154309
-0.150301 -0.150301
-0.146293 -0.146293
-0.142285 -0.142285
-0.138277 -0.138277
-0.134269 -0.134269
-0.130261 -0.130261
-0.126253 -0.126253
-0.122244 -0.122244
-0.118236 -0.118236
-0.114228 -0.114228
-0.11022 -0.11022
-0.106212 -0.106212
-0.102204 -0.102204
-0.0981964 -0.0981964
-0.0941884 -0.0941884
-0.0901804 -0.0901804
-0.0861723 -0.0861723
-0.0821643 -0.0821643
-0.0781563 -0.0781563
-0.0741483 -0.0741483
-0.0701403 -0.0701403
-0.0661323 -0.0661323
-0.0621242 -0.0621242
-0.0581162 -0.0581162
-0.0541082 -0.0541082
-0.0501002 -0.0501002
-0.0460922 -0.0460922
-0.0420842 -0.0420842
-0.0380762 -0.0380762
-0.0340681 -0.0340681
-0.0300601 -0.0300601
-0.0260521 -0.0260521
-0.0220441 -0.0220441
-0.0180361 -0.0180361
-0.0140281 -0.0140281
-0.01002 -0.01002
-0.00601202 -0.00601202
-0.00200401 -0.00200401
0.00200401 0.00200401
0.00601202 0.00601202
0.01002 0.01002
0.0140281 0.0140281
0.0180361 0.0180361
0.0220441 0.0220441
0.0260521 0.0260521
0.0300601 0.0300601
0.0340681 0.0340681
0.0380762 0.0380762
0.0420842 0.0420842
0.0460922 0.0460922
0.0501002 0.0501002
0.0541082 0.0541082
0.0581162 0.0581162
0.0621242 0.0621242
0.0661323 0.0661323
0.0701403 0.0701403
0.0741483 0.0741483
0.0781563 0.0781563
0.0821643 0.0821643
0.0861723 0.0861723
0.0901804 0.0901804
0.0941884 0.0941884
0.0981964 0.0981964
0.102204 0.102204
0.106212 0.106212
0.11022 0.11022
0.114228 0.114228
0.118236 0.118236
0.122244 0.122244
0.126253 0.126253
0.130261 0.130261
0.134269 0.134269
0.138277 0.138277
0.142285 0.142285
0.146293 0.146293
0.150301 0.150301
0.154309 0.154309
0.158317 0.158317
0.162325 0.162325
0.166333 0.166333
0.170341 0.170341
0.174349 0.174349
0.178357 0.178357
0.182365 0.182365
0.186373 0.186373
0.190381 0.190381
0.194389 0.194389
0.198397 0.198397
0.202405 0.202405
0.206413 0.206413
0.210421 0.210421
0.214429 0.214429
0.218437 0.218437
0.222445 0.222445
0.226453 0.226453
0.230461 0.230461
0.234469 0.234469
0.238477 0.238477
0.242485 0.242485
0.246493 0.246493
0.250501 0.250501
0.254509 0.254509
0.258517 0.258517
0.262525 0.262525
0.266533 0.266533
0.270541 0.270541
0.274549 0.274549
0.278557 0.278557
0.282565 0.282565
0.286573 0.286573
0.290581 0.290581
0.294589 0.294589
0.298597 0.298597
0.302605 0.302605
0.306613 0.306613
0.310621 0.310621
0.314629 0.314629
0.318637 0.318637
0.322645 0.322645
0.326653 0.326653
0.330661 0.330661
0.334669 0.334669
0.338677 0.338677
0.342685 0.342685
0.346693 0.346693
0.350701 0.350701
0.354709 0.354709
0.358717 0.358717
0.362725 0.362725
0.366733 0.366733
0.370741 0.370741
0.374749 0.374749
0.378758 0.378758
0.382766 0.382766
0.386774 0.386774
0.390782 0.390782
0.39479 0.39479
0.398798 0.398798
0.402806 0.402806
0.406814 0.406814
0.410822 0.410822
0.41483 0.41483
0.418838 0.418838
0.422846 0.422846
0.426854 0.426854
0.430862 0.430862
0.43487 0.43487
0.438878 0.438878
0.442886 0.442886
0.446894 0.446894
0.450902 0.450902
0.45491 0.45491
0.458918 0.458918
0.462926 0.462926
0.466934 0.466934
0.470942 0.470942
0.47495 0.47495
0.478958 0.478958
0.482966 0.482966
0.486974 0.486974
0.490982 0.490982
0.49499 0.49499
0.498998 0.498998
0.503006 0.503006
0.507014 0.507014
0.511022 0.511022
0.51503 0.51503
0.519038 0.519038
0.523046 0.523046
0.527054 0.527054
0.531062 0.531062
0.53507 0.53507
0.539078 0.539078
0.543086 0.543086
0.547094 0.547094
0.551102 0.551102
0.55511 0.55511
0.559118 0.559118
0.563126 0.563126
0.567134 0.567134
0.571142 0.571142
0.57515 0.57515
0.579158 0.579158
0.583166 0.583166
0.587174 0.587174
0.591182 0.591182
0.59519 0.59519
0.599198 0.599198
0.603206 0.603206
0.607214 0.607214
0.611222 0.611222
0.61523 0.61523
0.619238 0.619238
0.623246 0.623246
0.627255 0.627255
0.631263 0.631263
0.635271 0.635271
0.639279 0.639279
0.643287 0.643287
0.647295 0.647295
0.651303 0.651303
0.655311 0.655311
0.659319 0.659319
0.663327 0.663327
0.667335 0.667335
0.671343 0.671343
0.675351 0.675351
0.679359 0.679359
0.683367 0.683367
0.687375 0.687375
0.691383 0.691383
0.695391 0.695391
0.699399 0.699399
0.703407 0.703407
0.707415 0.707415
0.711423 0.711423
0.715431 0.715431
0.719439 0.719439
0.723447 0.723447
0.727455 0.727455
0.731463 0.731463
0.735471 0.735471
0.739479 0.739479
0.743487 0.743487
0.747495 0.747495
0.751503 0.751503
0.755511 0.755511
0.759519 0.759519
0.763527 0.763527
0.767535 0.767535
0.771543 0.771543
0.775551 0.775551
0.779559 0.779559
0.783567 0.783567
0.787575 0.787575
0.791583 0.791583
0.795591 0.795591
0.799599 0.799599
0.803607 0.803607
0.807615 0.807615
0.811623 0.811623
0.815631 0.815631
0.819639 0.819639
0.823647 0.823647
0.827655 0.827655
0.831663 0.831663
0.835671 0.835671
0.839679 0.839679
0.843687 0.843687
0.847695 0.847695
0.851703 0.851703
0.855711 0.855711
0.859719 0.859719
0.863727 0.863727
0.867735 0.867735
0.871743 0.871743
0.875752 0.875752
0.87976 0.87976
0.883768 0.883768
0.887776 0.887776
0.891784 0.891784
0.895792 0.895792
0.8998 0.8998
0.903808 0.903808
0.907816 0.907816
0.911824 0.911824
0.915832 0.915832
0.91984 0.91984
0.923848 0.923848
0.927856 0.927856
0.931864 0.931864
0.935872 0.935872
0.93988 0.93988
0.943888 0.943888
0.947896 0.947896
0.951904 0.951904
0.955912 0.955912
0.95992 0.95992
0.963928 0.963928
0.967936 0.967936
0.971944 0.971944
0.975952 0.975952
0.97996 0.97996
0.983968 0.983968
0.987976 0.987976
0.991984 0.991984
0.995992 0.995992
1 1
