-5 0.0384615
-4.98999 0.0190751
-4.97998 0.000532687
-4.96997 -0.0171863
-4.95996 -0.034102
-4.94995 -0.0502342
-4.93994 -0.0656024
-4.92993 -0.0802258
-4.91992 -0.0941232
-4.90991 -0.107313
-4.8999 -0.119814
-4.88989 -0.131644
-4.87988 -0.14282
-4.86987 -0.15336
-4.85986 -0.163281
-4.84985 -0.172599
-4.83984 -0.181331
-4.82983 -0.189494
-4.81982 -0.197103
-4.80981 -0.204173
-4.7998 -0.210721
-4.78979 -0.216761
-4.77978 -0.222308
-4.76977 -0.227377
-4.75976 -0.231981
-4.74975 -0.236135
-4.73974 -0.239854
-4.72973 -0.243149
-4.71972 -0.246035
-4.70971 -0.248524
-4.6997 -0.25063
-4.68969 -0.252364
-4.67968 -0.25374
-4.66967 -0.254769
-4.65966 -0.255463
-4.64965 -0.255833
-4.63964 -0.255892
-4.62963 -0.25565
-4.61962 -0.255118
-4.60961 -0.254306
-4.5996 -0.253227
-4.58959 -0.251888
-4.57958 -0.250302
-4.56957 -0.248477
-4.55956 -0.246424
-4.54955 -0.244151
-4.53954 -0.241668
-4.52953 -0.238984
-4.51952 -0.236108
-4.50951 -0.233049
-4.4995 -0.229815
-4.48949 -0.226414
-4.47948 -0.222855
-4.46947 -0.219146
-4.45946 -0.215293
-4.44945 -0.211306
-4.43944 -0.207191
-4.42943 -0.202955
-4.41942 -0.198606
-4.40941 -0.19415
-4.3994 -0.189595
-4.38939 -0.184946
-4.37938 -0.18021
-4.36937 -0.175394
-4.35936 -0.170504
-4.34935 -0.165545
-4.33934 -0.160523
-4.32933 -0.155445
-4.31932 -0.150314
-4.30931 -0.145138
-4.2993 -0.13992
-4.28929 -0.134667
-4.27928 -0.129382
-4.26927 -0.124071
-4.25926 -0.118739
-4.24925 -0.11339
-4.23924 -0.108028
-4.22923 -0.102657
-4.21922 -0.0972826
-4.20921 -0.0919077
-4.1992 -0.0865365
-4.18919 -0.0811728
-4.17918 -0.0758201
-4.16917 -0.0704821
-4.15916 -0.0651621
-4.14915 -0.0598634
-4.13914 -0.0545893
-4.12913 -0.0493428
-4.11912 -0.044127
-4.10911 -0.0389445
-4.0991 -0.0337984
-4.08909 -0.0286911
-4.07908 -0.0236252
-4.06907 -0.0186034
-4.05906 -0.0136278
-4.04905 -0.00870071
-4.03904 -0.00382441
-4.02903 0.00099907
-4.01902 0.00576774
-4.00901 0.0104797
-3.999 0.0151331
-3.98899 0.0197263
-3.97898 0.0242575
-3.96897 0.0287253
-3.95896 0.0331281
-3.94895 0.0374646
-3.93894 0.0417334
-3.92893 0.0459333
-3.91892 0.0500631
-3.90891 0.0541218
-3.8989 0.0581082
-3.88889 0.0620214
-3.87888 0.0658607
-3.86887 0.069625
-3.85886 0.0733138
-3.84885 0.0769262
-3.83884 0.0804618
-3.82883 0.0839199
-3.81882 0.0873
-3.80881 0.0906018
-3.7988 0.0938248
-3.78879 0.0969687
-3.77878 0.100033
-3.76877 0.103018
-3.75876 0.105924
-3.74875 0.108749
-3.73874 0.111495
-3.72873 0.114161
-3.71872 0.116747
-3.70871 0.119253
-3.6987 0.12168
-3.68869 0.124028
-3.67868 0.126296
-3.66867 0.128486
-3.65866 0.130597
-3.64865 0.13263
-3.63864 0.134585
-3.62863 0.136463
-3.61862 0.138264
-3.60861 0.139989
-3.5986 0.141638
-3.58859 0.143212
-3.57858 0.144711
-3.56857 0.146136
-3.55856 0.147489
-3.54855 0.148768
-3.53854 0.149976
-3.52853 0.151114
-3.51852 0.15218
-3.50851 0.153178
-3.4985 0.154107
-3.48849 0.154969
-3.47848 0.155764
-3.46847 0.156493
-3.45846 0.157158
-3.44845 0.157758
-3.43844 0.158296
-3.42843 0.158772
-3.41842 0.159188
-3.40841 0.159543
-3.3984 0.15984
-3.38839 0.16008
-3.37838 0.160263
-3.36837 0.160391
-3.35836 0.160465
-3.34835 0.160485
-3.33834 0.160454
-3.32833 0.160372
-3.31832 0.160241
-3.30831 0.160062
-3.2983 0.159835
-3.28829 0.159563
-3.27828 0.159246
-3.26827 0.158886
-3.25826 0.158484
-3.24825 0.15804
-3.23824 0.157558
-3.22823 0.157037
-3.21822 0.156479
-3.20821 0.155885
-3.1982 0.155257
-3.18819 0.154595
-3.17818 0.153902
-3.16817 0.153178
-3.15816 0.152425
-3.14815 0.151644
-3.13814 0.150836
-3.12813 0.150003
-3.11812 0.149146
-3.10811 0.148266
-3.0981 0.147364
-3.08809 0.146442
-3.07808 0.145502
-3.06807 0.144544
-3.05806 0.143569
-3.04805 0.142579
-3.03804 0.141576
-3.02803 0.14056
-3.01802 0.139533
-3.00801 0.138497
-2.998 0.137451
-2.98799 0.136398
-2.97798 0.135339
-2.96797 0.134275
-2.95796 0.133208
-2.94795 0.132138
-2.93794 0.131067
-2.92793 0.129995
-2.91792 0.128925
-2.90791 0.127858
-2.8979 0.126794
-2.88789 0.125735
-2.87788 0.124682
-2.86787 0.123636
-2.85786 0.122598
-2.84785 0.12157
-2.83784 0.120553
-2.82783 0.119547
-2.81782 0.118554
-2.80781 0.117574
-2.7978 0.11661
-2.78779 0.115662
-2.77778 0.114731
-2.76777 0.113818
-2.75776 0.112924
-2.74775 0.112051
-2.73774 0.111199
-2.72773 0.110369
-2.71772 0.109562
-2.70771 0.108779
-2.6977 0.108022
-2.68769 0.10729
-2.67768 0.106586
-2.66767 0.105909
-2.65766 0.105262
-2.64765 0.104644
-2.63764 0.104056
-2.62763 0.103501
-2.61762 0.102977
-2.60761 0.102486
-2.5976 0.10203
-2.58759 0.101608
-2.57758 0.101221
-2.56757 0.100871
-2.55756 0.100557
-2.54755 0.100282
-2.53754 0.100044
-2.52753 0.0998461
-2.51752 0.0996877
-2.50751 0.0995697
-2.4975 0.0994929
-2.48749 0.0994577
-2.47748 0.0994648
-2.46747 0.0995149
-2.45746 0.0996085
-2.44745 0.0997461
-2.43744 0.0999283
-2.42743 0.100156
-2.41742 0.100429
-2.40741 0.100748
-2.3974 0.101114
-2.38739 0.101527
-2.37738 0.101987
-2.36737 0.102495
-2.35736 0.103052
-2.34735 0.103658
-2.33734 0.104312
-2.32733 0.105016
-2.31732 0.10577
-2.30731 0.106574
-2.2973 0.107429
-2.28729 0.108334
-2.27728 0.109291
-2.26727 0.110298
-2.25726 0.111358
-2.24725 0.112469
-2.23724 0.113631
-2.22723 0.114846
-2.21722 0.116114
-2.20721 0.117434
-2.1972 0.118806
-2.18719 0.120231
-2.17718 0.121709
-2.16717 0.12324
-2.15716 0.124824
-2.14715 0.126461
-2.13714 0.128151
-2.12713 0.129895
-2.11712 0.131691
-2.10711 0.13354
-2.0971 0.135443
-2.08709 0.137399
-2.07708 0.139407
-2.06707 0.141469
-2.05706 0.143583
-2.04705 0.145751
-2.03704 0.14797
-2.02703 0.150243
-2.01702 0.152567
-2.00701 0.154944
-1.997 0.157373
-1.98699 0.159854
-1.97698 0.162386
-1.96697 0.16497
-1.95696 0.167605
-1.94695 0.17029
-1.93694 0.173027
-1.92693 0.175813
-1.91692 0.17865
-1.90691 0.181536
-1.8969 0.184472
-1.88689 0.187457
-1.87688 0.190491
-1.86687 0.193573
-1.85686 0.196703
-1.84685 0.199881
-1.83684 0.203106
-1.82683 0.206378
-1.81682 0.209696
-1.80681 0.21306
-1.7968 0.216469
-1.78679 0.219924
-1.77678 0.223423
-1.76677 0.226966
-1.75676 0.230553
-1.74675 0.234183
-1.73674 0.237855
-1.72673 0.241569
-1.71672 0.245325
-1.70671 0.249122
-1.6967 0.252959
-1.68669 0.256835
-1.67668 0.260751
-1.66667 0.264706
-1.65666 0.268698
-1.64665 0.272728
-1.63664 0.276795
-1.62663 0.280898
-1.61662 0.285036
-1.60661 0.289209
-1.5966 0.293416
-1.58659 0.297656
-1.57658 0.30193
-1.56657 0.306235
-1.55656 0.310572
-1.54655 0.31494
-1.53654 0.319337
-1.52653 0.323764
-1.51652 0.32822
-1.50651 0.332703
-1.4965 0.337213
-1.48649 0.34175
-1.47648 0.346312
-1.46647 0.350899
-1.45646 0.35551
-1.44645 0.360144
-1.43644 0.364801
-1.42643 0.36948
-1.41642 0.374179
-1.40641 0.378899
-1.3964 0.383637
-1.38639 0.388395
-1.37638 0.39317
-1.36637 0.397962
-1.35636 0.402769
-1.34635 0.407593
-1.33634 0.41243
-1.32633 0.417281
-1.31632 0.422145
-1.30631 0.427021
-1.2963 0.431908
-1.28629 0.436805
-1.27628 0.441711
-1.26627 0.446626
-1.25626 0.451548
-1.24625 0.456477
-1.23624 0.461412
-1.22623 0.466353
-1.21622 0.471297
-1.20621 0.476245
-1.1962 0.481195
-1.18619 0.486146
-1.17618 0.491099
-1.16617 0.496051
-1.15616 0.501002
-1.14615 0.505952
-1.13614 0.510898
-1.12613 0.515841
-1.11612 0.52078
-1.10611 0.525713
-1.0961 0.53064
-1.08609 0.535559
-1.07608 0.540471
-1.06607 0.545374
-1.05606 0.550267
-1.04605 0.555149
-1.03604 0.56002
-1.02603 0.564879
-1.01602 0.569725
-1.00601 0.574556
-0.995996 0.579372
-0.985986 0.584173
-0.975976 0.588957
-0.965966 0.593724
-0.955956 0.598472
-0.945946 0.603201
-0.935936 0.60791
-0.925926 0.612598
-0.915916 0.617265
-0.905906 0.621909
-0.895896 0.62653
-0.885886 0.631126
-0.875876 0.635698
-0.865866 0.640243
-0.855856 0.644762
-0.845846 0.649254
-0.835836 0.653717
-0.825826 0.658152
-0.815816 0.662556
-0.805806 0.66693
-0.795796 0.671272
-0.785786 0.675583
-0.775776 0.67986
-0.765766 0.684104
-0.755756 0.688313
-0.745746 0.692487
-0.735736 0.696625
-0.725726 0.700727
-0.715716 0.704791
-0.705706 0.708816
-0.695696 0.712803
-0.685686 0.716751
-0.675676 0.720658
-0.665666 0.724524
-0.655656 0.728348
-0.645646 0.73213
-0.635636 0.735869
-0.625626 0.739564
-0.615616 0.743215
-0.605606 0.74682
-0.595596 0.75038
-0.585586 0.753894
-0.575576 0.757361
-0.565566 0.76078
-0.555556 0.764151
-0.545546 0.767473
-0.535536 0.770746
-0.525526 0.773969
-0.515516 0.777141
-0.505506 0.780262
-0.495495 0.783332
-0.485485 0.786349
-0.475475 0.789314
-0.465465 0.792225
-0.455455 0.795083
-0.445445 0.797886
-0.435435 0.800634
-0.425425 0.803327
-0.415415 0.805964
-0.405405 0.808545
-0.395395 0.811069
-0.385385 0.813536
-0.375375 0.815946
-0.365365 0.818297
-0.355355 0.82059
-0.345345 0.822824
-0.335335 0.824998
-0.325325 0.827113
-0.315315 0.829168
-0.305305 0.831163
-0.295295 0.833096
-0.285285 0.834969
-0.275275 0.83678
-0.265265 0.838529
-0.255255 0.840216
-0.245245 0.841841
-0.235235 0.843403
-0.225225 0.844902
-0.215215 0.846338
-0.205205 0.847711
-0.195195 0.849019
-0.185185 0.850264
-0.175175 0.851444
-0.165165 0.852561
-0.155155 0.853612
-0.145145 0.854599
-0.135135 0.85552
-0.125125 0.856377
-0.115115 0.857168
-0.105105 0.857894
-0.0950951 0.858554
-0.0850851 0.859149
-0.0750751 0.859677
-0.0650651 0.86014
-0.0550551 0.860537
-0.045045 0.860868
-0.035035 0.861133
-0.025025 0.861331
-0.015015 0.861464
-0.00500501 0.86153
0.00500501 0.86153
0.015015 0.861464
0.025025 0.861331
0.035035 0.861133
0.045045 0.860868
0.0550551 0.860537
0.0650651 0.86014
0.0750751 0.859677
0.0850851 0.859149
0.0950951 0.858554
0.105105 0.857894
0.115115 0.857168
0.125125 0.856377
0.135135 0.85552
0.145145 0.854599
0.155155 0.853612
0.165165 0.852561
0.175175 0.851444
0.185185 0.850264
0.195195 0.849019
0.205205 0.847711
0.215215 0.846338
0.225225 0.844902
0.235235 0.843403
0.245245 0.841841
0.255255 0.840216
0.265265 0.838529
0.275275 0.83678
0.285285 0.834969
0.295295 0.833096
0.305305 0.831163
0.315315 0.829168
0.325325 0.827113
0.335335 0.824998
0.345345 0.822824
0.355355 0.82059
0.365365 0.818297
0.375375 0.815946
0.385385 0.813536
0.395395 0.811069
0.405405 0.808545
0.415415 0.805964
0.425425 0.803327
0.435435 0.800634
0.445445 0.797886
0.455455 0.795083
0.465465 0.792225
0.475475 0.789314
0.485485 0.786349
0.495495 0.783332
0.505506 0.780262
0.515516 0.777141
0.525526 0.773969
0.535536 0.770746
0.545546 0.767473
0.555556 0.764151
0.565566 0.76078
0.575576 0.757361
0.585586 0.753894
0.595596 0.75038
0.605606 0.74682
0.615616 0.743215
0.625626 0.739564
0.635636 0.735869
0.645646 0.73213
0.655656 0.728348
0.665666 0.724524
0.675676 0.720658
0.685686 0.716751
0.695696 0.712803
0.705706 0.708816
0.715716 0.704791
0.725726 0.700727
0.735736 0.696625
0.745746 0.692487
0.755756 0.688313
0.765766 0.684104
0.775776 0.67986
0.785786 0.675583
0.795796 0.671272
0.805806 0.66693
0.815816 0.662556
0.825826 0.658152
0.835836 0.653717
0.845846 0.649254
0.855856 0.644762
0.865866 0.640243
0.875876 0.635698
0.885886 0.631126
0.895896 0.62653
0.905906 0.621909
0.915916 0.617265
0.925926 0.612598
0.935936 0.60791
0.945946 0.603201
0.955956 0.598472
0.965966 0.593724
0.975976 0.588957
0.985986 0.584173
0.995996 0.579372
1.00601 0.574556
1.01602 0.569725
1.02603 0.564879
1.03604 0.56002
1.04605 0.555149
1.05606 0.550267
1.06607 0.545374
1.07608 0.540471
1.08609 0.535559
1.0961 0.53064
1.10611 0.525713
1.11612 0.52078
1.12613 0.515841
1.13614 0.510898
1.14615 0.505952
1.15616 0.501002
1.16617 0.496051
1.17618 0.491099
1.18619 0.486146
1.1962 0.481195
1.20621 0.476245
1.21622 0.471297
1.22623 0.466353
1.23624 0.461412
1.24625 0.456477
1.25626 0.451548
1.26627 0.446626
1.27628 0.441711
1.28629 0.436805
1.2963 0.431908
1.30631 0.427021
1.31632 0.422145
1.32633 0.417281
1.33634 0.41243
1.34635 0.407593
1.35636 0.402769
1.36637 0.397962
1.37638 0.39317
1.38639 0.388395
1.3964 0.383637
1.40641 0.378899
1.41642 0.374179
1.42643 0.36948
1.43644 0.364801
1.44645 0.360144
1.45646 0.35551
1.46647 0.350899
1.47648 0.346312
1.48649 0.34175
1.4965 0.337213
1.50651 0.332703
1.51652 0.32822
1.52653 0.323764
1.53654 0.319337
1.54655 0.31494
1.55656 0.310572
1.56657 0.306235
1.57658 0.30193
1.58659 0.297656
1.5966 0.293416
1.60661 0.289209
1.61662 0.285036
1.62663 0.280898
1.63664 0.276795
1.64665 0.272728
1.65666 0.268698
1.66667 0.264706
1.67668 0.260751
1.68669 0.256835
1.6967 0.252959
1.70671 0.249122
1.71672 0.245325
1.72673 0.241569
1.73674 0.237855
1.74675 0.234183
1.75676 0.230553
1.76677 0.226966
1.77678 0.223423
1.78679 0.219924
1.7968 0.216469
1.80681 0.21306
1.81682 0.209696
1.82683 0.206378
1.83684 0.203106
1.84685 0.199881
1.85686 0.196703
1.86687 0.193573
1.87688 0.190491
1.88689 0.187457
1.8969 0.184472
1.90691 0.181536
1.91692 0.17865
1.92693 0.175813
1.93694 0.173027
1.94695 0.17029
1.95696 0.167605
1.96697 0.16497
1.97698 0.162386
1.98699 0.159854
1.997 0.157373
2.00701 0.154944
2.01702 0.152567
2.02703 0.150243
2.03704 0.14797
2.04705 0.145751
2.05706 0.143583
2.06707 0.141469
2.07708 0.139407
2.08709 0.137399
2.0971 0.135443
2.10711 0.13354
2.11712 0.131691
2.12713 0.129895
2.13714 0.128151
2.14715 0.126461
2.15716 0.124824
2.16717 0.12324
2.17718 0.121709
2.18719 0.120231
2.1972 0.118806
2.20721 0.117434
2.21722 0.116114
2.22723 0.114846
2.23724 0.113631
2.24725 0.112469
2.25726 0.111358
2.26727 0.110298
2.27728 0.109291
2.28729 0.108334
2.2973 0.107429
2.30731 0.106574
2.31732 0.10577
2.32733 0.105016
2.33734 0.104312
2.34735 0.103658
2.35736 0.103052
2.36737 0.102495
2.37738 0.101987
2.38739 0.101527
2.3974 0.101114
2.40741 0.100748
2.41742 0.100429
2.42743 0.100156
2.43744 0.0999283
2.44745 0.0997461
2.45746 0.0996085
2.46747 0.0995149
2.47748 0.0994648
2.48749 0.0994577
2.4975 0.0994929
2.50751 0.0995697
2.51752 0.0996877
2.52753 0.0998461
2.53754 0.100044
2.54755 0.100282
2.55756 0.100557
2.56757 0.100871
2.57758 0.101221
2.58759 0.101608
2.5976 0.10203
2.60761 0.102486
2.61762 0.102977
2.62763 0.103501
2.63764 0.104056
2.64765 0.104644
2.65766 0.105262
2.66767 0.105909
2.67768 0.106586
2.68769 0.10729
2.6977 0.108022
2.70771 0.108779
2.71772 0.109562
2.72773 0.110369
2.73774 0.111199
2.74775 0.112051
2.75776 0.112924
2.76777 0.113818
2.77778 0.114731
2.78779 0.115662
2.7978 0.11661
2.80781 0.117574
2.81782 0.118554
2.82783 0.119547
2.83784 0.120553
2.84785 0.12157
2.85786 0.122598
2.86787 0.123636
2.87788 0.124682
2.88789 0.125735
2.8979 0.126794
2.90791 0.127858
2.91792 0.128925
2.92793 0.129995
2.93794 0.131067
2.94795 0.132138
2.95796 0.133208
2.96797 0.134275
2.97798 0.135339
2.98799 0.136398
2.998 0.137451
3.00801 0.138497
3.01802 0.139533
3.02803 0.14056
3.03804 0.141576
3.04805 0.142579
3.05806 0.143569
3.06807 0.144544
3.07808 0.145502
3.08809 0.146442
3.0981 0.147364
3.10811 0.148266
3.11812 0.149146
3.12813 0.150003
3.13814 0.150836
3.14815 0.151644
3.15816 0.152425
3.16817 0.153178
3.17818 0.153902
3.18819 0.154595
3.1982 0.155257
3.20821 0.155885
3.21822 0.156479
3.22823 0.157037
3.23824 0.157558
3.24825 0.15804
3.25826 0.158484
3.26827 0.158886
3.27828 0.159246
3.28829 0.159563
3.2983 0.159835
3.30831 0.160062
3.31832 0.160241
3.32833 0.160372
3.33834 0.160454
3.34835 0.160485
3.35836 0.160465
3.36837 0.160391
3.37838 0.160263
3.38839 0.16008
3.3984 0.15984
3.40841 0.159543
3.41842 0.159188
3.42843 0.158772
3.43844 0.158296
3.44845 0.157758
3.45846 0.157158
3.46847 0.156493
3.47848 0.155764
3.48849 0.154969
3.4985 0.154107
3.50851 0.153178
3.51852 0.15218
3.52853 0.151114
3.53854 0.149976
3.54855 0.148768
3.55856 0.147489
3.56857 0.146136
3.57858 0.144711
3.58859 0.143212
3.5986 0.141638
3.60861 0.139989
3.61862 0.138264
3.62863 0.136463
3.63864 0.134585
3.64865 0.13263
3.65866 0.130597
3.66867 0.128486
3.67868 0.126296
3.68869 0.124028
3.6987 0.12168
3.70871 0.119253
3.71872 0.116747
3.72873 0.114161
3.73874 0.111495
3.74875 0.108749
3.75876 0.105924
3.76877 0.103018
3.77878 0.100033
3.78879 0.0969687
3.7988 0.0938248
3.80881 0.0906018
3.81882 0.0873
3.82883 0.0839199
3.83884 0.0804618
3.84885 0.0769262
3.85886 0.0733138
3.86887 0.069625
3.87888 0.0658607
3.88889 0.0620214
3.8989 0.0581082
3.90891 0.0541218
3.91892 0.0500631
3.92893 0.0459333
3.93894 0.0417334
3.94895 0.0374646
3.95896 0.0331281
3.96897 0.0287253
3.97898 0.0242575
3.98899 0.0197263
3.999 0.0151331
4.00901 0.0104797
4.01902 0.00576774
4.02903 0.00099907
4.03904 -0.00382441
4.04905 -0.00870071
4.05906 -0.0136278
4.06907 -0.0186034
4.07908 -0.0236252
4.08909 -0.0286911
4.0991 -0.0337984
4.10911 -0.0389445
4.11912 -0.044127
4.12913 -0.0493428
4.13914 -0.0545893
4.14915 -0.0598634
4.15916 -0.0651621
4.16917 -0.0704821
4.17918 -0.0758201
4.18919 -0.0811728
4.1992 -0.0865365
4.20921 -0.0919077
4.21922 -0.0972826
4.22923 -0.102657
4.23924 -0.108028
4.24925 -0.11339
4.25926 -0.118739
4.26927 -0.124071
4.27928 -0.129382
4.28929 -0.134667
4.2993 -0.13992
4.30931 -0.145138
4.31932 -0.150314
4.32933 -0.155445
4.33934 -0.160523
4.34935 -0.165545
4.35936 -0.170504
4.36937 -0.175394
4.37938 -0.18021
4.38939 -0.184946
4.3994 -0.189595
4.40941 -0.19415
4.41942 -0.198606
4.42943 -0.202955
4.43944 -0.207191
4.44945 -0.211306
4.45946 -0.215293
4.46947 -0.219146
4.47948 -0.222855
4.48949 -0.226414
4.4995 -0.229815
4.50951 -0.233049
4.51952 -0.236108
4.52953 -0.238984
4.53954 -0.241668
4.54955 -0.244151
4.55956 -0.246424
4.56957 -0.248477
4.57958 -0.250302
4.58959 -0.251888
4.5996 -0.253227
4.60961 -0.254306
4.61962 -0.255118
4.62963 -0.25565
4.63964 -0.255892
4.64965 -0.255833
4.65966 -0.255463
4.66967 -0.254769
4.67968 -0.25374
4.68969 -0.252364
4.6997 -0.25063
4.70971 -0.248524
4.71972 -0.246035
4.72973 -0.243149
4.73974 -0.239854
4.74975 -0.236135
4.75976 -0.231981
4.76977 -0.227377
4.77978 -0.222308
4.78979 -0.216761
4.7998 -0.210721
4.80981 -0.204173
4.81982 -0.197103
4.82983 -0.189494
4.83984 -0.181331
4.84985 -0.172599
4.85986 -0.163281
4.86987 -0.15336
4.87988 -0.14282
4.88989 -0.131644
4.8999 -0.119814
4.90991 -0.107313
4.91992 -0.0941232
4.92993 -0.0802258
4.93994 -0.0656024
4.94995 -0.0502342
4.95996 -0.034102
4.96997 -0.0171863
4.97998 0.000532687
4.98999 0.0190751
5 0.0384615
