-5 0.0488157
-4.98999 0.0469912
-4.97998 0.045285
-4.96997 0.0436933
-4.95996 0.0422126
-4.94995 0.0408393
-4.93994 0.0395699
-4.92993 0.038401
-4.91992 0.0373291
-4.90991 0.0363512
-4.8999 0.0354638
-4.88989 0.0346638
-4.87988 0.0339482
-4.86987 0.033314
-4.85986 0.032758
-4.84985 0.0322776
-4.83984 0.0318697
-4.82983 0.0315316
-4.81982 0.0312607
-4.80981 0.0310541
-4.7998 0.0309094
-4.78979 0.030824
-4.77978 0.0307953
-4.76977 0.030821
-4.75976 0.0308986
-4.74975 0.0310258
-4.73974 0.0312004
-4.72973 0.0314201
-4.71972 0.0316828
-4.70971 0.0319863
-4.6997 0.0323285
-4.68969 0.0327076
-4.67968 0.0331214
-4.66967 0.033568
-4.65966 0.0340457
-4.64965 0.0345526
-4.63964 0.0350868
-4.62963 0.0356467
-4.61962 0.0362306
-4.60961 0.0368368
-4.5996 0.0374638
-4.58959 0.0381099
-4.57958 0.0387738
-4.56957 0.0394538
-4.55956 0.0401487
-4.54955 0.0408569
-4.53954 0.0415772
-4.52953 0.0423082
-4.51952 0.0430488
-4.50951 0.0437975
-4.4995 0.0445534
-4.48949 0.0453152
-4.47948 0.0460818
-4.46947 0.0468521
-4.45946 0.0476251
-4.44945 0.0483997
-4.43944 0.0491751
-4.42943 0.0499503
-4.41942 0.0507243
-4.40941 0.0514962
-4.3994 0.0522654
-4.38939 0.0530309
-4.37938 0.0537919
-4.36937 0.0545477
-4.35936 0.0552977
-4.34935 0.0560411
-4.33934 0.0567772
-4.32933 0.0575055
-4.31932 0.0582252
-4.30931 0.058936
-4.2993 0.0596372
-4.28929 0.0603282
-4.27928 0.0610087
-4.26927 0.0616781
-4.25926 0.062336
-4.24925 0.062982
-4.23924 0.0636157
-4.22923 0.0642368
-4.21922 0.0648448
-4.20921 0.0654395
-4.1992 0.0660205
-4.18919 0.0665877
-4.17918 0.0671406
-4.16917 0.0676792
-4.15916 0.0682032
-4.14915 0.0687124
-4.13914 0.0692066
-4.12913 0.0696858
-4.11912 0.0701496
-4.10911 0.0705981
-4.0991 0.0710312
-4.08909 0.0714487
-4.07908 0.0718506
-4.06907 0.0722369
-4.05906 0.0726076
-4.04905 0.0729626
-4.03904 0.0733019
-4.02903 0.0736256
-4.01902 0.0739337
-4.00901 0.0742263
-3.999 0.0745034
-3.98899 0.0747651
-3.97898 0.0750115
-3.96897 0.0752427
-3.95896 0.0754589
-3.94895 0.0756602
-3.93894 0.0758467
-3.92893 0.0760185
-3.91892 0.076176
-3.90891 0.0763192
-3.8989 0.0764484
-3.88889 0.0765637
-3.87888 0.0766654
-3.86887 0.0767536
-3.85886 0.0768288
-3.84885 0.076891
-3.83884 0.0769405
-3.82883 0.0769777
-3.81882 0.0770027
-3.80881 0.077016
-3.7988 0.0770177
-3.78879 0.0770081
-3.77878 0.0769876
-3.76877 0.0769565
-3.75876 0.0769151
-3.74875 0.0768638
-3.73874 0.0768028
-3.72873 0.0767326
-3.71872 0.0766534
-3.70871 0.0765656
-3.6987 0.0764696
-3.68869 0.0763658
-3.67868 0.0762544
-3.66867 0.076136
-3.65866 0.0760108
-3.64865 0.0758793
-3.63864 0.0757418
-3.62863 0.0755988
-3.61862 0.0754506
-3.60861 0.0752976
-3.5986 0.0751402
-3.58859 0.0749789
-3.57858 0.074814
-3.56857 0.074646
-3.55856 0.0744753
-3.54855 0.0743022
-3.53854 0.0741273
-3.52853 0.0739509
-3.51852 0.0737734
-3.50851 0.0735953
-3.4985 0.073417
-3.48849 0.0732389
-3.47848 0.0730614
-3.46847 0.072885
-3.45846 0.0727102
-3.44845 0.0725372
-3.43844 0.0723666
-3.42843 0.0721988
-3.41842 0.0720342
-3.40841 0.0718732
-3.3984 0.0717163
-3.38839 0.0715639
-3.37838 0.0714164
-3.36837 0.0712742
-3.35836 0.0711378
-3.34835 0.0710076
-3.33834 0.070884
-3.32833 0.0707674
-3.31832 0.0706582
-3.30831 0.0705569
-3.2983 0.0704639
-3.28829 0.0703796
-3.27828 0.0703043
-3.26827 0.0702386
-3.25826 0.0701827
-3.24825 0.0701372
-3.23824 0.0701024
-3.22823 0.0700786
-3.21822 0.0700664
-3.20821 0.0700661
-3.1982 0.070078
-3.18819 0.0701026
-3.17818 0.0701402
-3.16817 0.0701913
-3.15816 0.0702561
-3.14815 0.0703351
-3.13814 0.0704287
-3.12813 0.0705371
-3.11812 0.0706607
-3.10811 0.0708
-3.0981 0.0709552
-3.08809 0.0711268
-3.07808 0.0713149
-3.06807 0.0715201
-3.05806 0.0717426
-3.04805 0.0719827
-3.03804 0.0722407
-3.02803 0.0725171
-3.01802 0.0728121
-3.00801 0.0731259
-2.998 0.073459
-2.98799 0.0738116
-2.97798 0.074184
-2.96797 0.0745765
-2.95796 0.0749894
-2.94795 0.075423
-2.93794 0.0758774
-2.92793 0.0763531
-2.91792 0.0768503
-2.90791 0.0773692
-2.8979 0.0779101
-2.88789 0.0784732
-2.87788 0.0790588
-2.86787 0.079667
-2.85786 0.0802983
-2.84785 0.0809526
-2.83784 0.0816304
-2.82783 0.0823318
-2.81782 0.0830569
-2.80781 0.0838061
-2.7978 0.0845794
-2.78779 0.0853772
-2.77778 0.0861995
-2.76777 0.0870465
-2.75776 0.0879185
-2.74775 0.0888156
-2.73774 0.089738
-2.72773 0.0906857
-2.71772 0.091659
-2.70771 0.0926579
-2.6977 0.0936828
-2.68769 0.0947335
-2.67768 0.0958104
-2.66767 0.0969134
-2.65766 0.0980428
-2.64765 0.0991986
-2.63764 0.100381
-2.62763 0.10159
-2.61762 0.102825
-2.60761 0.104088
-2.5976 0.105377
-2.58759 0.106693
-2.57758 0.108036
-2.56757 0.109407
-2.55756 0.110804
-2.54755 0.112228
-2.53754 0.11368
-2.52753 0.115159
-2.51752 0.116665
-2.50751 0.118198
-2.4975 0.119759
-2.48749 0.121346
-2.47748 0.122961
-2.46747 0.124604
-2.45746 0.126273
-2.44745 0.12797
-2.43744 0.129694
-2.42743 0.131446
-2.41742 0.133224
-2.40741 0.135029
-2.3974 0.136862
-2.38739 0.138722
-2.37738 0.140608
-2.36737 0.142522
-2.35736 0.144462
-2.34735 0.146429
-2.33734 0.148423
-2.32733 0.150443
-2.31732 0.15249
-2.30731 0.154563
-2.2973 0.156662
-2.28729 0.158787
-2.27728 0.160939
-2.26727 0.163117
-2.25726 0.16532
-2.24725 0.167549
-2.23724 0.169803
-2.22723 0.172083
-2.21722 0.174388
-2.20721 0.176719
-2.1972 0.179074
-2.18719 0.181454
-2.17718 0.183858
-2.16717 0.186287
-2.15716 0.18874
-2.14715 0.191217
-2.13714 0.193719
-2.12713 0.196243
-2.11712 0.198791
-2.10711 0.201363
-2.0971 0.203957
-2.08709 0.206575
-2.07708 0.209215
-2.06707 0.211877
-2.05706 0.214561
-2.04705 0.217268
-2.03704 0.219996
-2.02703 0.222745
-2.01702 0.225516
-2.00701 0.228308
-1.997 0.23112
-1.98699 0.233953
-1.97698 0.236806
-1.96697 0.239679
-1.95696 0.242571
-1.94695 0.245483
-1.93694 0.248414
-1.92693 0.251364
-1.91692 0.254332
-1.90691 0.257318
-1.8969 0.260322
-1.88689 0.263344
-1.87688 0.266383
-1.86687 0.269439
-1.85686 0.272512
-1.84685 0.275601
-1.83684 0.278706
-1.82683 0.281827
-1.81682 0.284964
-1.80681 0.288115
-1.7968 0.291281
-1.78679 0.294461
-1.77678 0.297656
-1.76677 0.300864
-1.75676 0.304086
-1.74675 0.307321
-1.73674 0.310568
-1.72673 0.313827
-1.71672 0.317099
-1.70671 0.320382
-1.6967 0.323677
-1.68669 0.326982
-1.67668 0.330298
-1.66667 0.333624
-1.65666 0.33696
-1.64665 0.340305
-1.63664 0.343659
-1.62663 0.347022
-1.61662 0.350393
-1.60661 0.353772
-1.5966 0.357159
-1.58659 0.360552
-1.57658 0.363953
-1.56657 0.36736
-1.55656 0.370772
-1.54655 0.374191
-1.53654 0.377614
-1.52653 0.381042
-1.51652 0.384475
-1.50651 0.387911
-1.4965 0.391352
-1.48649 0.394795
-1.47648 0.398241
-1.46647 0.40169
-1.45646 0.40514
-1.44645 0.408592
-1.43644 0.412045
-1.42643 0.415499
-1.41642 0.418953
-1.40641 0.422408
-1.3964 0.425861
-1.38639 0.429314
-1.37638 0.432766
-1.36637 0.436215
-1.35636 0.439663
-1.34635 0.443108
-1.33634 0.446551
-1.32633 0.449989
-1.31632 0.453425
-1.30631 0.456855
-1.2963 0.460282
-1.28629 0.463703
-1.27628 0.467119
-1.26627 0.470529
-1.25626 0.473933
-1.24625 0.47733
-1.23624 0.48072
-1.22623 0.484103
-1.21622 0.487478
-1.20621 0.490844
-1.1962 0.494202
-1.18619 0.49755
-1.17618 0.50089
-1.16617 0.504219
-1.15616 0.507538
-1.14615 0.510846
-1.13614 0.514143
-1.12613 0.517428
-1.11612 0.520701
-1.10611 0.523963
-1.0961 0.527211
-1.08609 0.530446
-1.07608 0.533668
-1.06607 0.536875
-1.05606 0.540069
-1.04605 0.543247
-1.03604 0.546411
-1.02603 0.549559
-1.01602 0.552691
-1.00601 0.555806
-0.995996 0.558906
-0.985986 0.561988
-0.975976 0.565052
-0.965966 0.568099
-0.955956 0.571127
-0.945946 0.574137
-0.935936 0.577129
-0.925926 0.5801
-0.915916 0.583052
-0.905906 0.585984
-0.895896 0.588896
-0.885886 0.591787
-0.875876 0.594656
-0.865866 0.597504
-0.855856 0.600331
-0.845846 0.603135
-0.835836 0.605916
-0.825826 0.608675
-0.815816 0.61141
-0.805806 0.614122
-0.795796 0.61681
-0.785786 0.619474
-0.775776 0.622113
-0.765766 0.624727
-0.755756 0.627316
-0.745746 0.629879
-0.735736 0.632417
-0.725726 0.634928
-0.715716 0.637413
-0.705706 0.639871
-0.695696 0.642301
-0.685686 0.644705
-0.675676 0.64708
-0.665666 0.649428
-0.655656 0.651747
-0.645646 0.654037
-0.635636 0.656299
-0.625626 0.658532
-0.615616 0.660734
-0.605606 0.662908
-0.595596 0.665051
-0.585586 0.667164
-0.575576 0.669246
-0.565566 0.671298
-0.555556 0.673318
-0.545546 0.675307
-0.535536 0.677265
-0.525526 0.679191
-0.515516 0.681084
-0.505506 0.682945
-0.495495 0.684774
-0.485485 0.68657
-0.475475 0.688333
-0.465465 0.690063
-0.455455 0.69176
-0.445445 0.693422
-0.435435 0.695051
-0.425425 0.696646
-0.415415 0.698206
-0.405405 0.699733
-0.395395 0.701224
-0.385385 0.702681
-0.375375 0.704102
-0.365365 0.705488
-0.355355 0.706839
-0.345345 0.708155
-0.335335 0.709435
-0.325325 0.710678
-0.315315 0.711886
-0.305305 0.713058
-0.295295 0.714193
-0.285285 0.715292
-0.275275 0.716354
-0.265265 0.71738
-0.255255 0.718368
-0.245245 0.71932
-0.235235 0.720234
-0.225225 0.721112
-0.215215 0.721952
-0.205205 0.722754
-0.195195 0.723519
-0.185185 0.724246
-0.175175 0.724936
-0.165165 0.725587
-0.155155 0.726201
-0.145145 0.726777
-0.135135 0.727315
-0.125125 0.727814
-0.115115 0.728276
-0.105105 0.728699
-0.0950951 0.729084
-0.0850851 0.72943
-0.0750751 0.729738
-0.0650651 0.730008
-0.0550551 0.730239
-0.045045 0.730432
-0.035035 0.730586
-0.025025 0.730702
-0.015015 0.730779
-0.00500501 0.730817
0.00500501 0.730817
0.015015 0.730779
0.025025 0.730701
0.035035 0.730586
0.045045 0.730431
0.0550551 0.730239
0.0650651 0.730007
0.0750751 0.729738
0.0850851 0.729429
0.0950951 0.729083
0.105105 0.728698
0.115115 0.728275
0.125125 0.727813
0.135135 0.727314
0.145145 0.726776
0.155155 0.7262
0.165165 0.725586
0.175175 0.724934
0.185185 0.724245
0.195195 0.723517
0.205205 0.722752
0.215215 0.72195
0.225225 0.72111
0.235235 0.720233
0.245245 0.719318
0.255255 0.718366
0.265265 0.717378
0.275275 0.716352
0.285285 0.71529
0.295295 0.714191
0.305305 0.713056
0.315315 0.711884
0.325325 0.710676
0.335335 0.709432
0.345345 0.708152
0.355355 0.706837
0.365365 0.705486
0.375375 0.704099
0.385385 0.702678
0.395395 0.701221
0.405405 0.69973
0.415415 0.698204
0.425425 0.696643
0.435435 0.695048
0.445445 0.693419
0.455455 0.691756
0.465465 0.69006
0.475475 0.68833
0.485485 0.686567
0.495495 0.684771
0.505506 0.682942
0.515516 0.681081
0.525526 0.679187
0.535536 0.677261
0.545546 0.675304
0.555556 0.673315
0.565566 0.671294
0.575576 0.669242
0.585586 0.66716
0.595596 0.665047
0.605606 0.662904
0.615616 0.660731
0.625626 0.658528
0.635636 0.656295
0.645646 0.654033
0.655656 0.651743
0.665666 0.649424
0.675676 0.647076
0.685686 0.6447
0.695696 0.642297
0.705706 0.639866
0.715716 0.637408
0.725726 0.634924
0.735736 0.632412
0.745746 0.629875
0.755756 0.627312
0.765766 0.624723
0.775776 0.622108
0.785786 0.619469
0.795796 0.616806
0.805806 0.614118
0.815816 0.611406
0.825826 0.60867
0.835836 0.605912
0.845846 0.60313
0.855856 0.600326
0.865866 0.5975
0.875876 0.594652
0.885886 0.591782
0.895896 0.588891
0.905906 0.58598
0.915916 0.583048
0.925926 0.580096
0.935936 0.577124
0.945946 0.574133
0.955956 0.571123
0.965966 0.568094
0.975976 0.565047
0.985986 0.561983
0.995996 0.558901
1.00601 0.555802
1.01602 0.552686
1.02603 0.549554
1.03604 0.546406
1.04605 0.543243
1.05606 0.540064
1.06607 0.536871
1.07608 0.533663
1.08609 0.530441
1.0961 0.527206
1.10611 0.523958
1.11612 0.520697
1.12613 0.517423
1.13614 0.514138
1.14615 0.510841
1.15616 0.507533
1.16617 0.504214
1.17618 0.500885
1.18619 0.497546
1.1962 0.494197
1.20621 0.49084
1.21622 0.487473
1.22623 0.484098
1.23624 0.480716
1.24625 0.477326
1.25626 0.473929
1.26627 0.470525
1.27628 0.467115
1.28629 0.463699
1.2963 0.460278
1.30631 0.456851
1.31632 0.45342
1.32633 0.449985
1.33634 0.446546
1.34635 0.443104
1.35636 0.439659
1.36637 0.436211
1.37638 0.432762
1.38639 0.42931
1.3964 0.425857
1.40641 0.422404
1.41642 0.41895
1.42643 0.415495
1.43644 0.412041
1.44645 0.408588
1.45646 0.405136
1.46647 0.401686
1.47648 0.398238
1.48649 0.394792
1.4965 0.391348
1.50651 0.387908
1.51652 0.384472
1.52653 0.381039
1.53654 0.377611
1.54655 0.374187
1.55656 0.370769
1.56657 0.367357
1.57658 0.36395
1.58659 0.36055
1.5966 0.357156
1.60661 0.353769
1.61662 0.35039
1.62663 0.347019
1.63664 0.343657
1.64665 0.340302
1.65666 0.336957
1.66667 0.333621
1.67668 0.330296
1.68669 0.32698
1.6967 0.323674
1.70671 0.32038
1.71672 0.317097
1.72673 0.313825
1.73674 0.310566
1.74675 0.307319
1.75676 0.304084
1.76677 0.300862
1.77678 0.297654
1.78679 0.29446
1.7968 0.291279
1.80681 0.288113
1.81682 0.284962
1.82683 0.281826
1.83684 0.278705
1.84685 0.2756
1.85686 0.272511
1.86687 0.269438
1.87688 0.266382
1.88689 0.263343
1.8969 0.260321
1.90691 0.257317
1.91692 0.254331
1.92693 0.251363
1.93694 0.248413
1.94695 0.245482
1.95696 0.242571
1.96697 0.239678
1.97698 0.236805
1.98699 0.233952
1.997 0.23112
2.00701 0.228307
2.01702 0.225516
2.02703 0.222745
2.03704 0.219996
2.04705 0.217268
2.05706 0.214561
2.06707 0.211877
2.07708 0.209215
2.08709 0.206575
2.0971 0.203958
2.10711 0.201363
2.11712 0.198792
2.12713 0.196244
2.13714 0.193719
2.14715 0.191218
2.15716 0.188741
2.16717 0.186288
2.17718 0.183859
2.18719 0.181454
2.1972 0.179075
2.20721 0.176719
2.21722 0.174389
2.22723 0.172084
2.23724 0.169804
2.24725 0.16755
2.25726 0.165321
2.26727 0.163118
2.27728 0.16094
2.28729 0.158789
2.2973 0.156663
2.30731 0.154564
2.31732 0.152491
2.32733 0.150444
2.33734 0.148424
2.34735 0.14643
2.35736 0.144463
2.36737 0.142523
2.37738 0.14061
2.38739 0.138723
2.3974 0.136864
2.40741 0.135031
2.41742 0.133226
2.42743 0.131447
2.43744 0.129696
2.44745 0.127972
2.45746 0.126275
2.46747 0.124606
2.47748 0.122963
2.48749 0.121348
2.4975 0.119761
2.50751 0.1182
2.51752 0.116667
2.52753 0.115161
2.53754 0.113682
2.54755 0.11223
2.55756 0.110806
2.56757 0.109409
2.57758 0.108039
2.58759 0.106695
2.5976 0.105379
2.60761 0.10409
2.61762 0.102828
2.62763 0.101592
2.63764 0.100383
2.64765 0.0992009
2.65766 0.0980452
2.66767 0.0969158
2.67768 0.0958127
2.68769 0.0947359
2.6977 0.0936851
2.70771 0.0926603
2.71772 0.0916614
2.72773 0.0906881
2.73774 0.0897403
2.74775 0.088818
2.75776 0.0879209
2.76777 0.0870489
2.77778 0.0862019
2.78779 0.0853795
2.7978 0.0845818
2.80781 0.0838084
2.81782 0.0830593
2.82783 0.0823341
2.83784 0.0816327
2.84785 0.080955
2.85786 0.0803006
2.86787 0.0796693
2.87788 0.079061
2.88789 0.0784754
2.8979 0.0779123
2.90791 0.0773714
2.91792 0.0768525
2.92793 0.0763553
2.93794 0.0758796
2.94795 0.0754251
2.95796 0.0749915
2.96797 0.0745786
2.97798 0.074186
2.98799 0.0738136
2.998 0.073461
3.00801 0.0731279
3.01802 0.072814
3.02803 0.072519
3.03804 0.0722426
3.04805 0.0719845
3.05806 0.0717443
3.06807 0.0715218
3.07808 0.0713167
3.08809 0.0711284
3.0981 0.0709569
3.10811 0.0708016
3.11812 0.0706623
3.12813 0.0705386
3.13814 0.0704301
3.14815 0.0703366
3.15816 0.0702575
3.16817 0.0701926
3.17818 0.0701415
3.18819 0.0701038
3.1982 0.0700792
3.20821 0.0700672
3.21822 0.0700675
3.22823 0.0700797
3.23824 0.0701034
3.24825 0.0701382
3.25826 0.0701836
3.26827 0.0702394
3.27828 0.0703051
3.28829 0.0703803
3.2983 0.0704646
3.30831 0.0705576
3.31832 0.0706588
3.32833 0.0707679
3.33834 0.0708845
3.34835 0.071008
3.35836 0.0711382
3.36837 0.0712745
3.37838 0.0714167
3.38839 0.0715641
3.3984 0.0717165
3.40841 0.0718733
3.41842 0.0720343
3.42843 0.0721988
3.43844 0.0723666
3.44845 0.0725371
3.45846 0.07271
3.46847 0.0728849
3.47848 0.0730612
3.48849 0.0732386
3.4985 0.0734166
3.50851 0.0735949
3.51852 0.0737729
3.52853 0.0739504
3.53854 0.0741267
3.54855 0.0743016
3.55856 0.0744746
3.56857 0.0746453
3.57858 0.0748133
3.58859 0.0749781
3.5986 0.0751394
3.60861 0.0752967
3.61862 0.0754496
3.62863 0.0755978
3.63864 0.0757408
3.64865 0.0758783
3.65866 0.0760097
3.66867 0.0761349
3.67868 0.0762533
3.68869 0.0763646
3.6987 0.0764684
3.70871 0.0765643
3.71872 0.0766521
3.72873 0.0767312
3.73874 0.0768014
3.74875 0.0768624
3.75876 0.0769137
3.76877 0.076955
3.77878 0.0769861
3.78879 0.0770066
3.7988 0.0770161
3.80881 0.0770144
3.81882 0.0770011
3.82883 0.0769761
3.83884 0.0769389
3.84885 0.0768893
3.85886 0.0768271
3.86887 0.0767519
3.87888 0.0766636
3.88889 0.0765619
3.8989 0.0764466
3.90891 0.0763175
3.91892 0.0761743
3.92893 0.0760168
3.93894 0.0758449
3.94895 0.0756584
3.95896 0.0754571
3.96897 0.075241
3.97898 0.0750097
3.98899 0.0747633
3.999 0.0745016
4.00901 0.0742245
4.01902 0.073932
4.02903 0.0736239
4.03904 0.0733002
4.04905 0.0729609
4.05906 0.0726059
4.06907 0.0722353
4.07908 0.071849
4.08909 0.0714471
4.0991 0.0710296
4.10911 0.0705966
4.11912 0.0701481
4.12913 0.0696843
4.13914 0.0692052
4.14915 0.068711
4.15916 0.0682018
4.16917 0.0676779
4.17918 0.0671393
4.18919 0.0665864
4.1992 0.0660193
4.20921 0.0654383
4.21922 0.0648437
4.22923 0.0642357
4.23924 0.0636147
4.24925 0.0629811
4.25926 0.0623351
4.26927 0.0616773
4.27928 0.0610079
4.28929 0.0603275
4.2993 0.0596365
4.30931 0.0589354
4.31932 0.0582247
4.32933 0.057505
4.33934 0.0567768
4.34935 0.0560407
4.35936 0.0552974
4.36937 0.0545475
4.37938 0.0537917
4.38939 0.0530307
4.3994 0.0522653
4.40941 0.0514963
4.41942 0.0507244
4.42943 0.0499504
4.43944 0.0491754
4.44945 0.0484
4.45946 0.0476254
4.46947 0.0468525
4.47948 0.0460823
4.48949 0.0453158
4.4995 0.044554
4.50951 0.0437982
4.51952 0.0430495
4.52953 0.0423091
4.53954 0.0415781
4.54955 0.0408578
4.55956 0.0401497
4.56957 0.0394549
4.57958 0.0387749
4.58959 0.0381111
4.5996 0.037465
4.60961 0.0368381
4.61962 0.0362319
4.62963 0.0356481
4.63964 0.0350882
4.64965 0.034554
4.65966 0.0340472
4.66967 0.0335696
4.67968 0.0331229
4.68969 0.0327091
4.6997 0.0323301
4.70971 0.0319878
4.71972 0.0316843
4.72973 0.0314217
4.73974 0.031202
4.74975 0.0310274
4.75976 0.0309001
4.76977 0.0308225
4.77978 0.0307968
4.78979 0.0308254
4.7998 0.0309108
4.80981 0.0310555
4.81982 0.031262
4.82983 0.0315328
4.83984 0.0318708
4.84985 0.0322786
4.85986 0.032759
4.86987 0.0333148
4.87988 0.0339489
4.88989 0.0346644
4.8999 0.0354642
4.90991 0.0363514
4.91992 0.0373292
4.92993 0.0384009
4.93994 0.0395696
4.94995 0.0408388
4.95996 0.0422119
4.96997 0.0436923
4.97998 0.0452837
4.98999 0.0469897
5 0.0488139
