-2 1
-1.998 6.82376e+280
-1.996 7.35491e+275
-1.994 -2.31123e+277
-1.992 -4.17326e+273
-1.98999 -1.61886e+275
-1.98799 3.96185e+271
-1.98599 -3.46944e+271
-1.98399 -2.72051e+268
-1.98199 1.8033e+270
-1.97999 -2.59152e+266
-1.97799 -1.88359e+268
-1.97599 -5.11702e+264
-1.97399 1.62693e+265
-1.97199 -2.86794e+262
-1.96998 -1.55998e+263
-1.96798 4.23807e+260
-1.96598 -2.9432e+261
-1.96398 -4.11441e+258
-1.96198 1.21629e+259
-1.95998 1.26672e+257
-1.95798 1.17155e+257
-1.95598 1.82427e+254
-1.95398 -4.28465e+255
-1.95198 -8.63837e+252
-1.94997 -4.45227e+253
-1.94797 7.44298e+250
-1.94597 1.69085e+251
-1.94397 5.89962e+248
-1.94197 6.32897e+249
-1.93997 7.22802e+247
-1.93797 -2.84558e+248
-1.93597 -7.68402e+245
-1.93397 -5.32057e+246
-1.93197 6.35624e+243
-1.92996 -6.99271e+244
-1.92796 3.08147e+242
-1.92596 -7.03939e+242
-1.92396 -4.2253e+239
-1.92196 -9.36128e+240
-1.91996 7.17585e+237
-1.91796 -2.68947e+239
-1.91596 -6.33327e+236
-1.91396 1.97636e+238
-1.91196 -2.70016e+235
-1.90995 2.04285e+236
-1.90795 -8.04089e+233
-1.90595 -1.76208e+234
-1.90395 -5.67175e+232
-1.90195 1.45031e+233
-1.89995 2.59044e+230
-1.89795 3.44915e+231
-1.89595 -1.69014e+229
-1.89395 1.44378e+229
-1.89195 -2.26687e+228
-1.88994 6.16565e+228
-1.88794 -1.97809e+226
-1.88594 -9.93625e+225
-1.88394 -3.62774e+223
-1.88194 -5.53523e+225
-1.87994 -3.24357e+223
-1.87794 -4.78144e+223
-1.87594 -3.15531e+221
-1.87394 4.89217e+222
-1.87194 1.2165e+220
-1.86993 1.2038e+221
-1.86793 -7.15647e+218
-1.86593 1.39305e+219
-1.86393 -7.68096e+216
-1.86193 1.48809e+218
-1.85993 -9.72734e+215
-1.85793 6.21898e+216
-1.85593 4.83961e+214
-1.85393 -2.18027e+215
-1.85193 1.49511e+213
-1.84992 -3.73748e+213
-1.84792 1.4949e+211
-1.84592 -2.7532e+212
-1.84392 -2.87252e+210
-1.84192 -1.97024e+210
-1.83992 -1.32811e+209
-1.83792 -4.6965e+208
-1.83592 -1.50283e+207
-1.83392 5.95721e+206
-1.83192 2.46945e+206
-1.82991 1.76966e+207
-1.82791 7.44269e+204
-1.82591 -9.54921e+205
-1.82391 8.90358e+203
-1.82191 1.23457e+204
-1.81991 -1.5226e+202
-1.81791 -3.39138e+202
-1.81591 8.63165e+200
-1.81391 -1.48282e+201
-1.81191 8.90951e+199
-1.8099 -3.31635e+200
-1.8079 -2.51604e+198
-1.8059 -1.35811e+199
-1.8039 -1.27096e+197
-1.8019 9.10561e+197
-1.7999 1.11156e+196
-1.7979 -4.33904e+196
-1.7959 -3.11533e+194
-1.7939 -1.27484e+195
-1.7919 -2.73804e+193
-1.78989 -3.67784e+193
-1.78789 1.6439e+192
-1.78589 -1.59964e+192
-1.78389 6.68057e+190
-1.78189 1.97957e+191
-1.77989 2.48687e+188
-1.77789 6.01044e+189
-1.77589 1.0009e+188
-1.77389 1.29264e+188
-1.77189 -3.01724e+187
-1.76988 -9.9251e+187
-1.76788 -1.45838e+186
-1.76588 8.4959e+185
-1.76388 -8.14083e+184
-1.76188 1.30123e+185
-1.75988 -3.99479e+183
-1.75788 -5.22957e+183
-1.75588 2.59533e+182
-1.75388 7.44594e+182
-1.75188 -5.36003e+181
-1.74987 1.72218e+181
-1.74787 5.94638e+179
-1.74587 3.85395e+180
-1.74387 9.6818e+178
-1.74187 -1.52845e+179
-1.73987 -1.43378e+178
-1.73787 2.8498e+178
-1.73587 2.00625e+176
-1.73387 1.55121e+177
-1.73187 7.95553e+175
-1.72986 -3.24854e+175
-1.72786 1.39695e+174
-1.72586 2.57743e+174
-1.72386 -4.11064e+173
-1.72186 -2.68352e+173
-1.71986 1.0336e+171
-1.71786 9.0399e+172
-1.71586 -2.94324e+171
-1.71386 -7.09943e+171
-1.71186 -1.48882e+170
-1.70985 1.90699e+169
-1.70785 9.48172e+168
-1.70585 2.94382e+169
-1.70385 2.24818e+168
-1.70185 -8.31907e+167
-1.69985 -8.0071e+166
-1.69785 -3.00127e+167
-1.69585 1.71272e+165
-1.69385 1.5668e+166
-1.69185 -2.22542e+164
-1.68984 1.10834e+165
-1.68784 7.26601e+162
-1.68584 9.99184e+163
-1.68384 -1.76987e+162
-1.68184 -1.01513e+163
-1.67984 -1.20608e+161
-1.67784 5.4796e+161
-1.67584 3.67337e+160
-1.67384 -4.19651e+160
-1.67184 7.9362e+158
-1.66983 -1.90509e+159
-1.66783 -1.64283e+158
-1.66583 -3.08941e+158
-1.66383 -1.57401e+157
-1.66183 5.42978e+156
-1.65983 6.47963e+155
-1.65783 -3.24043e+156
-1.65583 -2.03616e+155
-1.65383 -1.3055e+156
-1.65183 2.801e+154
-1.64982 1.2588e+155
-1.64782 4.19371e+153
-1.64582 -3.24065e+153
-1.64382 2.74332e+152
-1.64182 -5.48096e+152
-1.63982 -1.07345e+151
-1.63782 -5.21956e+151
-1.63582 1.35479e+150
-1.63382 2.8571e+149
-1.63182 -1.10348e+149
-1.62981 8.54201e+148
-1.62781 2.40474e+148
-1.62581 6.11195e+148
-1.62381 -1.2451e+147
-1.62181 -1.10802e+147
-1.61981 2.34009e+146
-1.61781 -5.83197e+146
-1.61581 4.91932e+144
-1.61381 -5.8125e+145
-1.61181 -1.04735e+144
-1.6098 5.63556e+143
-1.6078 1.96468e+143
-1.6058 1.07881e+144
-1.6038 -3.83227e+142
-1.6018 -4.13694e+142
-1.5998 -2.04832e+141
-1.5978 5.7785e+141
-1.5958 2.98592e+140
-1.5938 -1.50116e+140
-1.5918 4.52013e+138
-1.58979 9.16438e+139
-1.58779 -4.38847e+138
-1.58579 -7.82029e+138
-1.58379 9.54529e+137
-1.58179 -1.07675e+138
-1.57979 -3.73304e+136
-1.57779 -6.43735e+136
-1.57579 1.22385e+136
-1.57379 -5.14586e+135
-1.57179 2.91256e+134
-1.56978 5.22895e+135
-1.56778 -1.72119e+134
-1.56578 -3.67157e+134
-1.56378 1.67175e+133
-1.56178 3.10424e+133
-1.55978 -2.63545e+131
-1.55778 -6.8384e+132
-1.55578 -3.87453e+131
-1.55378 2.90203e+131
-1.55178 7.8761e+130
-1.54977 1.48697e+131
-1.54777 1.82977e+129
-1.54577 -8.20712e+129
-1.54377 -5.61417e+128
-1.54177 1.42963e+129
-1.53977 -3.17296e+127
-1.53777 -9.27739e+127
-1.53577 7.19599e+126
-1.53377 -7.81446e+126
-1.53177 -2.06587e+126
-1.52976 -3.14648e+126
-1.52776 -1.72176e+125
-1.52576 -8.54442e+124
-1.52376 1.96718e+124
-1.52176 1.87587e+124
-1.51976 4.23693e+123
-1.51776 3.91615e+123
-1.51576 -6.375e+122
-1.51376 4.36466e+122
-1.51176 -7.62779e+120
-1.50975 6.63616e+120
-1.50775 1.51295e+120
-1.50575 -3.0005e+120
-1.50375 -1.81548e+120
-1.50175 5.08294e+119
-1.49975 -6.68542e+118
-1.49775 -3.65008e+118
-1.49575 -6.66447e+118
-1.49375 5.00358e+118
-1.49175 2.81095e+117
-1.48974 -2.42742e+118
-1.48774 1.75541e+116
-1.48574 1.45829e+117
-1.48374 1.7671e+116
-1.48174 1.1664e+116
-1.47974 2.60815e+115
-1.47774 6.54246e+114
-1.47574 1.24162e+114
-1.47374 6.28916e+114
-1.47174 -1.72236e+112
-1.46973 1.13277e+113
-1.46773 3.85626e+112
-1.46573 1.78485e+113
-1.46373 -8.52822e+111
-1.46173 1.91351e+112
-1.45973 2.05608e+110
-1.45773 -1.1208e+111
-1.45573 -1.49214e+110
-1.45373 1.11621e+111
-1.45173 -5.81886e+108
-1.44972 5.47503e+109
-1.44772 -1.32589e+108
-1.44572 -1.05445e+109
-1.44372 -4.39011e+107
-1.44172 3.5494e+108
-1.43972 1.3472e+107
-1.43772 -6.55077e+106
-1.43572 8.12309e+105
-1.43372 7.65887e+106
-1.43172 -2.64679e+105
-1.42971 -3.04224e+105
-1.42771 3.01486e+103
-1.42571 3.55475e+104
-1.42371 -3.90637e+103
-1.42171 -2.52803e+104
-1.41971 6.0919e+102
-1.41771 -3.5048e+103
-1.41571 4.26445e+102
-1.41371 1.2911e+103
-1.41171 -6.07481e+101
-1.4097 -1.71282e+102
-1.4077 2.0683e+101
-1.4057 1.93608e+101
-1.4037 -6.62973e+99
-1.4017 5.17842e+100
-1.3997 4.85777e+99
-1.3977 3.91283e+99
-1.3957 2.06396e+98
-1.3937 -5.4536e+98
-1.3917 8.93507e+97
-1.38969 2.8687e+98
-1.38769 -1.04318e+97
-1.38569 -3.66734e+97
-1.38369 2.27203e+96
-1.38169 -1.25091e+96
-1.37969 7.35773e+95
-1.37769 -1.31478e+95
-1.37569 -1.11895e+95
-1.37369 2.98316e+94
-1.37169 1.28106e+93
-1.36968 -3.18257e+93
-1.36768 -1.68616e+93
-1.36568 -4.05973e+93
-1.36368 -8.82853e+92
-1.36168 -1.62259e+92
-1.35968 -2.00125e+92
-1.35768 -3.22891e+92
-1.35568 1.76834e+91
-1.35368 -3.39822e+91
-1.35168 1.04481e+91
-1.34967 -1.2865e+91
-1.34767 6.55658e+89
-1.34567 -3.22513e+90
-1.34367 2.42883e+89
-1.34167 7.06526e+89
-1.33967 6.89606e+88
-1.33767 -6.65668e+88
-1.33567 -1.01471e+88
-1.33367 7.22875e+87
-1.33167 2.03054e+87
-1.32966 -1.7016e+87
-1.32766 -2.63291e+86
-1.32566 -2.81815e+86
-1.32366 2.63321e+85
-1.32166 -2.10317e+86
-1.31966 -1.4114e+85
-1.31766 2.58111e+85
-1.31566 4.06411e+84
-1.31366 4.24329e+84
-1.31166 4.64906e+83
-1.30965 7.67035e+83
-1.30765 -3.68355e+83
-1.30565 -1.36037e+83
-1.30365 -3.48194e+81
-1.30165 1.45984e+83
-1.29965 -2.45236e+81
-1.29765 -5.80242e+81
-1.29565 1.38507e+81
-1.29365 -5.03839e+81
-1.29165 3.42092e+80
-1.28964 2.76019e+80
-1.28764 5.0264e+79
-1.28564 2.25076e+79
-1.28364 3.90492e+78
-1.28164 -1.09973e+79
-1.27964 -7.08847e+78
-1.27764 3.45194e+78
-1.27564 -3.59493e+77
-1.27364 6.94372e+77
-1.27164 -1.42464e+76
-1.26963 -2.5298e+77
-1.26763 -5.04414e+76
-1.26563 -1.77168e+76
-1.26363 -6.48837e+75
-1.26163 -4.52627e+74
-1.25963 -2.68531e+75
-1.25763 2.13666e+75
-1.25563 3.09627e+74
-1.25363 -9.19531e+74
-1.25163 -2.17499e+73
-1.24962 7.89845e+73
-1.24762 -5.17812e+73
-1.24562 2.98633e+73
-1.24362 1.0036e+73
-1.24162 3.23775e+72
-1.23962 1.09504e+71
-1.23762 2.827e+72
-1.23562 -6.10088e+71
-1.23362 -2.69461e+71
-1.23162 -1.97239e+70
-1.22961 -1.69797e+71
-1.22761 1.84054e+70
-1.22561 9.20394e+70
-1.22361 -3.78352e+69
-1.22161 7.2221e+69
-1.21961 -2.06008e+69
-1.21761 -6.14336e+67
-1.21561 -2.82012e+68
-1.21361 -8.92698e+66
-1.21161 -3.52993e+67
-1.2096 -2.12377e+68
-1.2076 -6.32092e+67
-1.2056 3.77174e+67
-1.2036 1.78574e+66
-1.2016 -1.591e+66
-1.1996 5.13099e+65
-1.1976 -1.49606e+66
-1.1956 -3.87357e+65
-1.1936 2.67513e+65
-1.1916 4.41125e+64
-1.18959 1.15204e+65
-1.18759 2.80732e+64
-1.18559 -2.97643e+64
-1.18359 -2.74221e+63
-1.18159 6.37566e+63
-1.17959 -2.48833e+63
-1.17759 1.06178e+63
-1.17559 2.2469e+62
-1.17359 -1.82663e+61
-1.17159 4.38189e+61
-1.16958 2.34171e+62
-1.16758 -2.37667e+61
-1.16558 2.97641e+61
-1.16358 -1.06001e+61
-1.16158 2.46005e+60
-1.15958 -4.81594e+59
-1.15758 -8.95496e+59
-1.15558 -6.71638e+58
-1.15358 5.25912e+59
-1.15158 2.36174e+58
-1.14957 1.49446e+59
-1.14757 8.18572e+57
-1.14557 -1.49357e+56
-1.14357 -5.33884e+56
-1.14157 1.00014e+58
-1.13957 1.28372e+56
-1.13757 8.27539e+57
-1.13557 9.79418e+54
-1.13357 2.88548e+57
-1.13157 1.97016e+56
-1.12956 3.12494e+56
-1.12756 -7.00397e+54
-1.12556 1.74046e+56
-1.12356 -3.74703e+55
-1.12156 2.44529e+54
-1.11956 3.72972e+54
-1.11756 -3.50778e+54
-1.11556 -5.38607e+53
-1.11356 6.70972e+53
-1.11156 -1.90551e+52
-1.10955 1.35642e+53
-1.10755 1.31772e+53
-1.10555 1.29818e+53
-1.10355 2.60217e+52
-1.10155 3.71051e+52
-1.09955 -2.38002e+52
-1.09755 -8.99365e+51
-1.09555 -4.24932e+51
-1.09355 5.10307e+51
-1.09155 8.11293e+50
-1.08954 2.67351e+50
-1.08754 -1.43152e+50
-1.08554 -9.13703e+49
-1.08354 -4.90732e+49
-1.08154 -5.28182e+49
-1.07954 1.59001e+49
-1.07754 3.82124e+49
-1.07554 9.70347e+48
-1.07354 5.49531e+48
-1.07154 -1.15938e+48
-1.06953 1.5558e+48
-1.06753 -4.14098e+47
-1.06553 7.02768e+47
-1.06353 7.45492e+46
-1.06153 -2.37202e+46
-1.05953 4.7858e+46
-1.05753 -5.09441e+46
-1.05553 1.43125e+46
-1.05353 -1.34065e+46
-1.05153 -9.39497e+45
-1.04952 -3.23229e+45
-1.04752 1.50285e+45
-1.04552 8.00999e+44
-1.04352 -1.74842e+44
-1.04152 5.98284e+44
-1.03952 -1.40882e+44
-1.03752 2.79031e+44
-1.03552 -2.21426e+43
-1.03352 -7.54545e+43
-1.03152 -1.51043e+43
-1.02951 -5.61574e+43
-1.02751 -6.65415e+42
-1.02551 -3.96168e+42
-1.02351 1.21551e+42
-1.02151 4.16036e+42
-1.01951 6.2168e+41
-1.01751 1.26585e+41
-1.01551 -2.12112e+41
-1.01351 4.49336e+41
-1.01151 2.33449e+40
-1.0095 -2.3904e+39
-1.0075 1.19925e+40
-1.0055 1.30078e+40
-1.0035 -4.72962e+38
-1.0015 7.56156e+39
-0.9995 -5.97798e+38
-0.997499 2.26514e+38
-0.995498 2.25213e+38
-0.993497 2.88376e+39
-0.991496 -1.03969e+38
-0.989495 6.58775e+36
-0.987494 -1.0114e+38
-0.985493 1.45727e+38
-0.983492 -1.60247e+37
-0.981491 1.91447e+37
-0.97949 3.52434e+36
-0.977489 -2.11848e+37
-0.975488 -1.33791e+36
-0.973487 4.57125e+36
-0.971486 -1.12595e+36
-0.969485 2.22797e+36
-0.967484 3.63075e+35
-0.965483 3.32765e+35
-0.963482 -8.65054e+34
-0.961481 2.13697e+35
-0.95948 -2.62814e+33
-0.957479 -2.62959e+33
-0.955478 1.52292e+34
-0.953477 -3.63746e+34
-0.951476 -5.80843e+33
-0.949475 -1.17669e+34
-0.947474 1.78741e+33
-0.945473 -3.08155e+32
-0.943472 -7.97758e+32
-0.941471 -5.25917e+32
-0.93947 4.25286e+32
-0.937469 3.87294e+32
-0.935468 3.64882e+31
-0.933467 2.29285e+31
-0.931466 -3.5309e+31
-0.929465 1.33805e+32
-0.927464 -6.53002e+30
-0.925463 1.53338e+31
-0.923462 6.1614e+30
-0.921461 -1.34043e+30
-0.91946 2.24061e+29
-0.917459 -5.29619e+30
-0.915458 2.71361e+29
-0.913457 -2.56031e+29
-0.911456 -3.86495e+29
-0.909455 1.90342e+29
-0.907454 1.28963e+29
-0.905453 1.27569e+29
-0.903452 2.939e+28
-0.901451 -2.17567e+28
-0.89945 -9.47746e+27
-0.897449 -4.13554e+28
-0.895448 1.56799e+27
-0.893447 -1.05171e+28
-0.891446 3.90052e+27
-0.889445 -4.00909e+26
-0.887444 -5.13608e+26
-0.885443 -1.10045e+27
-0.883442 4.33571e+25
-0.881441 -7.51562e+26
-0.87944 -6.26623e+25
-0.877439 5.90972e+25
-0.875438 -1.61629e+25
-0.873437 1.44365e+26
-0.871436 -3.52754e+25
-0.869435 -1.74959e+25
-0.867434 -1.21552e+23
-0.865433 1.57996e+25
-0.863432 2.81246e+24
-0.861431 1.24137e+24
-0.85943 1.73514e+24
-0.857429 -1.8351e+24
-0.855428 2.38151e+23
-0.853427 -8.5036e+23
-0.851426 1.52693e+23
-0.849425 -1.2451e+23
-0.847424 -1.0487e+23
-0.845423 1.66889e+23
-0.843422 5.34848e+22
-0.841421 -1.93833e+22
-0.83942 -1.00736e+22
-0.837419 -2.14286e+22
-0.835418 2.25163e+21
-0.833417 8.48849e+21
-0.831416 -3.74076e+20
-0.829415 -9.09346e+21
-0.827414 6.42094e+20
-0.825413 1.08719e+21
-0.823412 9.10494e+20
-0.821411 -8.84383e+20
-0.81941 -4.00435e+20
-0.817409 5.14484e+20
-0.815408 -5.37644e+19
-0.813407 -1.7598e+18
-0.811406 1.34947e+17
-0.809405 5.05505e+19
-0.807404 -1.24701e+19
-0.805403 -8.13169e+18
-0.803402 -2.37121e+18
-0.801401 -4.75946e+18
-0.7994 -2.28142e+18
-0.797399 -7.08128e+18
-0.795398 -9.96665e+17
-0.793397 -9.75716e+17
-0.791396 3.5999e+17
-0.789395 -4.79971e+17
-0.787394 1.80945e+17
-0.785393 -1.43461e+17
-0.783392 7.59884e+16
-0.781391 -4.42064e+15
-0.77939 -3.22114e+15
-0.777389 -8.2623e+16
-0.775388 -3.36382e+16
-0.773387 1.06387e+16
-0.771386 8.69606e+15
-0.769385 4.51919e+15
-0.767384 2.75657e+15
-0.765383 -8.00598e+15
-0.763382 -5.75914e+14
-0.761381 4.02629e+15
-0.75938 2.45783e+13
-0.757379 3.61726e+14
-0.755378 2.94479e+14
-0.753377 1.55274e+14
-0.751376 2.77462e+14
-0.749375 -4.10527e+13
-0.747374 -3.93938e+13
-0.745373 -6.49285e+12
-0.743372 4.01052e+13
-0.741371 -4.42487e+12
-0.73937 -2.53817e+13
-0.737369 1.56901e+13
-0.735368 -9.20545e+12
-0.733367 -5.04133e+12
-0.731366 -2.36111e+12
-0.729365 -7.37091e+12
-0.727364 1.74996e+11
-0.725363 2.75862e+12
-0.723362 1.1169e+12
-0.721361 5.35855e+10
-0.71936 -6.86522e+10
-0.717359 3.24696e+11
-0.715358 2.33953e+10
-0.713357 8.7631e+10
-0.711356 -2.96058e+10
-0.709355 6.36874e+10
-0.707354 -3.13941e+10
-0.705353 1.72997e+10
-0.703352 -3.09981e+10
-0.701351 5.99844e+10
-0.69935 -2.86624e+09
-0.697349 5.54603e+09
-0.695348 3.15954e+09
-0.693347 4.53394e+09
-0.691346 7.45352e+08
-0.689345 1.43705e+06
-0.687344 1.98504e+09
-0.685343 2.42625e+09
-0.683342 -6.86772e+08
-0.681341 -7.38432e+08
-0.67934 -6.40089e+07
-0.677339 -5.10112e+08
-0.675338 -3.15112e+08
-0.673337 1.84042e+08
-0.671336 4.19951e+06
-0.669335 -5.02776e+06
-0.667334 5.27644e+07
-0.665333 6.52351e+07
-0.663332 -2.69891e+06
-0.661331 5.43573e+06
-0.65933 52135.3
-0.657329 4.74525e+06
-0.655328 1.46591e+06
-0.653327 4.09896e+06
-0.651326 -952953
-0.649325 5.69661e+06
-0.647324 -633362
-0.645323 1.70283e+06
-0.643322 -557999
-0.641321 530672
-0.63932 -293699
-0.637319 1.00065e+06
-0.635318 318225
-0.633317 -354595
-0.631316 123135
-0.629315 130508
-0.627314 -24253.1
-0.625313 43164.6
-0.623312 16560.3
-0.621311 -23153.5
-0.61931 729.329
-0.617309 14897.1
-0.615308 -2651.5
-0.613307 -1330.24
-0.611306 1161.92
-0.609305 -72.5683
-0.607304 2862.29
-0.605303 4150.83
-0.603302 219.293
-0.601301 1116.77
-0.5993 653.662
-0.597299 -401.39
-0.595298 427.271
-0.593297 -1225.21
-0.591296 -124.332
-0.589295 -116.264
-0.587294 -3.96146
-0.585293 -126.458
-0.583292 86.5416
-0.581291 25.1542
-0.57929 17.6077
-0.577289 35.4508
-0.575288 24.2915
-0.573287 6.12508
-0.571286 -13.9369
-0.569285 -10.4627
-0.567284 -5.4451
-0.565283 -10.705
-0.563282 -3.06962
-0.561281 -0.57814
-0.55928 2.38013
-0.557279 -1.37049
-0.555278 1.65593
-0.553277 -0.992344
-0.551276 0.993734
-0.549275 -0.454843
-0.547274 1.06839
-0.545273 1.19108
-0.543272 0.921503
-0.541271 1.14105
-0.53927 1.00312
-0.537269 1.08987
-0.535268 0.970934
-0.533267 1.0376
-0.531266 1.00407
-0.529265 1.03077
-0.527264 0.959909
-0.525263 0.977011
-0.523262 0.961833
-0.521261 1.01496
-0.51926 0.999712
-0.517259 1.00588
-0.515258 0.982867
-0.513257 0.993364
-0.511256 0.996706
-0.509255 0.992454
-0.507254 1.00064
-0.505253 1.00319
-0.503252 0.998584
-0.501251 1.00089
-0.49925 0.999922
-0.497249 0.998992
-0.495248 1.00026
-0.493247 0.999941
-0.491246 0.999233
-0.489245 0.99969
-0.487244 0.999835
-0.485243 1.00005
-0.483242 1.0001
-0.481241 1.00007
-0.47924 0.999972
-0.477239 0.99995
-0.475238 1.00003
-0.473237 0.999963
-0.471236 0.999997
-0.469235 1.00001
-0.467234 0.999988
-0.465233 1.00001
-0.463232 1.00001
-0.461231 1.00002
-0.45923 1
-0.457229 1
-0.455228 1.00001
-0.453227 0.999998
-0.451226 1
-0.449225 1
-0.447224 0.999997
-0.445223 1
-0.443222 0.999999
-0.441221 1
-0.43922 1
-0.437219 1
-0.435218 1
-0.433217 1
-0.431216 1
-0.429215 1
-0.427214 1
-0.425213 1
-0.423212 1
-0.421211 1
-0.41921 1
-0.417209 1
-0.415208 1
-0.413207 1
-0.411206 1
-0.409205 1
-0.407204 1
-0.405203 1
-0.403202 1
-0.401201 1
-0.3992 1
-0.397199 1
-0.395198 1
-0.393197 1
-0.391196 1
-0.389195 1
-0.387194 1
-0.385193 1
-0.383192 1
-0.381191 1
-0.37919 1
-0.377189 1
-0.375188 1
-0.373187 1
-0.371186 1
-0.369185 1
-0.367184 1
-0.365183 1
-0.363182 1
-0.361181 1
-0.35918 1
-0.357179 1
-0.355178 1
-0.353177 1
-0.351176 1
-0.349175 1
-0.347174 1
-0.345173 1
-0.343172 1
-0.341171 1
-0.33917 1
-0.337169 1
-0.335168 1
-0.333167 1
-0.331166 1
-0.329165 1
-0.327164 1
-0.325163 1
-0.323162 1
-0.321161 1
-0.31916 1
-0.317159 1
-0.315158 1
-0.313157 1
-0.311156 1
-0.309155 1
-0.307154 1
-0.305153 1
-0.303152 1
-0.301151 1
-0.29915 1
-0.297149 1
-0.295148 1
-0.293147 1
-0.291146 1
-0.289145 1
-0.287144 1
-0.285143 1
-0.283142 1
-0.281141 1
-0.27914 1
-0.277139 1
-0.275138 1
-0.273137 1
-0.271136 1
-0.269135 1
-0.267134 1
-0.265133 1
-0.263132 1
-0.261131 1
-0.25913 1
-0.257129 1
-0.255128 1
-0.253127 1
-0.251126 1
-0.249125 1
-0.247124 1
-0.245123 1
-0.243122 1
-0.241121 1
-0.23912 1
-0.237119 1
-0.235118 1
-0.233117 1
-0.231116 1
-0.229115 1
-0.227114 1
-0.225113 1
-0.223112 1
-0.221111 1
-0.21911 1
-0.217109 1
-0.215108 1
-0.213107 1
-0.211106 1
-0.209105 1
-0.207104 1
-0.205103 1
-0.203102 1
-0.201101 1
-0.1991 1
-0.197099 1
-0.195098 1
-0.193097 1
-0.191096 1
-0.189095 1
-0.187094 1
-0.185093 1
-0.183092 1
-0.181091 1
-0.17909 1
-0.177089 1
-0.175088 1
-0.173087 1
-0.171086 1
-0.169085 1
-0.167084 1
-0.165083 1
-0.163082 1
-0.161081 1
-0.15908 1
-0.157079 1
-0.155078 1
-0.153077 1
-0.151076 1
-0.149075 1
-0.147074 1
-0.145073 1
-0.143072 1
-0.141071 1
-0.13907 1
-0.137069 1
-0.135068 1
-0.133067 1
-0.131066 1
-0.129065 1
-0.127064 1
-0.125063 1
-0.123062 1
-0.121061 1
-0.11906 1
-0.117059 1
-0.115058 1
-0.113057 1
-0.111056 1
-0.109055 1
-0.107054 1
-0.105053 1
-0.103052 1
-0.101051 1
-0.0990495 1
-0.0970485 1
-0.0950475 1
-0.0930465 1
-0.0910455 1
-0.0890445 1
-0.0870435 1
-0.0850425 1
-0.0830415 1
-0.0810405 1
-0.0790395 1
-0.0770385 1
-0.0750375 1
-0.0730365 1
-0.0710355 1
-0.0690345 1
-0.0670335 1
-0.0650325 1
-0.0630315 1
-0.0610305 1
-0.0590295 1
-0.0570285 1
-0.0550275 1
-0.0530265 1
-0.0510255 1
-0.0490245 1
-0.0470235 1
-0.0450225 1
-0.0430215 1
-0.0410205 1
-0.0390195 1
-0.0370185 1
-0.0350175 1
-0.0330165 1
-0.0310155 1
-0.0290145 1
-0.0270135 1
-0.0250125 1
-0.0230115 1
-0.0210105 1
-0.0190095 1
-0.0170085 1
-0.0150075 1
-0.0130065 1
-0.0110055 1
-0.0090045 1
-0.0070035 1
-0.0050025 1
-0.0030015 1
-0.0010005 1
0.0010005 1
0.0030015 1
0.0050025 1
0.0070035 1
0.0090045 1
0.0110055 1
0.0130065 1
0.0150075 1
0.0170085 1
0.0190095 1
0.0210105 1
0.0230115 1
0.0250125 1
0.0270135 1
0.0290145 1
0.0310155 1
0.0330165 1
0.0350175 1
0.0370185 1
0.0390195 1
0.0410205 1
0.0430215 1
0.0450225 1
0.0470235 1
0.0490245 1
0.0510255 1
0.0530265 1
0.0550275 1
0.0570285 1
0.0590295 1
0.0610305 1
0.0630315 1
0.0650325 1
0.0670335 1
0.0690345 1
0.0710355 1
0.0730365 1
0.0750375 1
0.0770385 1
0.0790395 1
0.0810405 1
0.0830415 1
0.0850425 1
0.0870435 1
0.0890445 1
0.0910455 1
0.0930465 1
0.0950475 1
0.0970485 1
0.0990495 1
0.101051 1
0.103052 1
0.105053 1
0.107054 1
0.109055 1
0.111056 1
0.113057 1
0.115058 1
0.117059 1
0.11906 1
0.121061 1
0.123062 1
0.125063 1
0.127064 1
0.129065 1
0.131066 1
0.133067 1
0.135068 1
0.137069 1
0.13907 1
0.141071 1
0.143072 1
0.145073 1
0.147074 1
0.149075 1
0.151076 1
0.153077 1
0.155078 1
0.157079 1
0.15908 1
0.161081 1
0.163082 1
0.165083 1
0.167084 1
0.169085 1
0.171086 1
0.173087 1
0.175088 1
0.177089 1
0.17909 1
0.181091 1
0.183092 1
0.185093 1
0.187094 1
0.189095 1
0.191096 1
0.193097 1
0.195098 1
0.197099 1
0.1991 1
0.201101 1
0.203102 1
0.205103 1
0.207104 1
0.209105 1
0.211106 1
0.213107 1
0.215108 1
0.217109 1
0.21911 1
0.221111 1
0.223112 1
0.225113 1
0.227114 1
0.229115 1
0.231116 1
0.233117 1
0.235118 1
0.237119 1
0.23912 1
0.241121 1
0.243122 1
0.245123 1
0.247124 1
0.249125 1
0.251126 1
0.253127 1
0.255128 1
0.257129 1
0.25913 1
0.261131 1
0.263132 1
0.265133 1
0.267134 1
0.269135 1
0.271136 1
0.273137 1
0.275138 1
0.277139 1
0.27914 1
0.281141 1
0.283142 1
0.285143 1
0.287144 1
0.289145 1
0.291146 1
0.293147 1
0.295148 1
0.297149 1
0.29915 1
0.301151 1
0.303152 1
0.305153 1
0.307154 1
0.309155 1
0.311156 1
0.313157 1
0.315158 1
0.317159 1
0.31916 1
0.321161 1
0.323162 1
0.325163 1
0.327164 1
0.329165 1
0.331166 1
0.333167 1
0.335168 1
0.337169 1
0.33917 1
0.341171 1
0.343172 1
0.345173 1
0.347174 1
0.349175 1
0.351176 1
0.353177 1
0.355178 1
0.357179 1
0.35918 1
0.361181 1
0.363182 1
0.365183 1
0.367184 1
0.369185 1
0.371186 1
0.373187 1
0.375188 1
0.377189 1
0.37919 1
0.381191 1
0.383192 1
0.385193 1
0.387194 1
0.389195 1
0.391196 1
0.393197 1
0.395198 1
0.397199 1
0.3992 1
0.401201 1
0.403202 1
0.405203 1
0.407204 1
0.409205 1
0.411206 1
0.413207 1
0.415208 1
0.417209 1
0.41921 1
0.421211 1
0.423212 1
0.425213 1
0.427214 1
0.429215 1
0.431216 1
0.433217 1
0.435218 1
0.437219 0.999999
0.43922 1
0.441221 1
0.443222 0.999999
0.445223 1
0.447224 1
0.449225 1
0.451226 0.999996
0.453227 0.999996
0.455228 1.00001
0.457229 0.999996
0.45923 1
0.461231 1
0.463232 0.999991
0.465233 0.999988
0.467234 0.999985
0.469235 0.999987
0.471236 0.999965
0.473237 1.00006
0.475238 1
0.477239 1.00002
0.47924 0.999986
0.481241 1.00008
0.483242 0.999882
0.485243 0.999783
0.487244 1.00015
0.489245 0.999603
0.491246 0.999737
0.493247 0.999818
0.495248 0.999731
0.497249 1.00065
0.49925 1.00115
0.501251 1.00024
0.503252 0.99849
0.505253 1.00205
0.507254 1.00426
0.509255 0.998074
0.511256 0.991623
0.513257 1.00515
0.515258 0.994267
0.517259 1.00646
0.51926 0.996386
0.521261 0.992587
0.523262 0.981344
0.525263 1.01414
0.527264 0.977392
0.529265 0.993852
0.531266 1.02987
0.533267 0.756465
0.535268 0.919269
0.537269 1.13474
0.53927 1.16581
0.541271 0.928366
0.543272 0.598735
0.545273 1.36124
0.547274 0.633326
0.549275 1.171
0.551276 0.576335
0.553277 2.10512
0.555278 1.26026
0.557279 6.33246
0.55928 -0.521648
0.561281 -4.88012
0.563282 1.01845
0.565283 5.54872
0.567284 -4.01089
0.569285 -26.7551
0.571286 -6.63095
0.573287 -22.5108
0.575288 -1.99193
0.577289 -16.0598
0.57929 59.5088
0.581291 -95.8539
0.583292 -17.1304
0.585293 9.06839
0.587294 -80.9634
0.589295 257.416
0.591296 -188.782
0.593297 211.377
0.595298 -439.335
0.597299 -91.5443
0.5993 -1723.19
0.601301 440.549
0.603302 102.183
0.605303 -3213.22
0.607304 2320.79
0.609305 -1544.44
0.611306 -394.006
0.613307 2231.06
0.615308 -nan
0.617309 -nan
0.61931 -nan
0.621311 -nan
0.623312 -nan
0.625313 -nan
0.627314 -nan
0.629315 -nan
0.631316 -nan
0.633317 -nan
0.635318 -nan
0.637319 -nan
0.63932 -nan
0.641321 -nan
0.643322 -nan
0.645323 -nan
0.647324 -nan
0.649325 -nan
0.651326 -nan
0.653327 -nan
0.655328 -nan
0.657329 -nan
0.65933 -nan
0.661331 -nan
0.663332 -nan
0.665333 -nan
0.667334 -nan
0.669335 -nan
0.671336 -nan
0.673337 -nan
0.675338 -nan
0.677339 -nan
0.67934 -nan
0.681341 -nan
0.683342 -nan
0.685343 -nan
0.687344 -nan
0.689345 -nan
0.691346 -nan
0.693347 -nan
0.695348 -nan
0.697349 -nan
0.69935 -nan
0.701351 -nan
0.703352 -nan
0.705353 -nan
0.707354 -nan
0.709355 -nan
0.711356 -nan
0.713357 -nan
0.715358 -nan
0.717359 -nan
0.71936 -nan
0.721361 -nan
0.723362 -nan
0.725363 -nan
0.727364 -nan
0.729365 -nan
0.731366 -nan
0.733367 -nan
0.735368 -nan
0.737369 -nan
0.73937 -nan
0.741371 -nan
0.743372 -nan
0.745373 -nan
0.747374 -nan
0.749375 -nan
0.751376 -nan
0.753377 -nan
0.755378 -nan
0.757379 -nan
0.75938 -nan
0.761381 -nan
0.763382 -nan
0.765383 -nan
0.767384 -nan
0.769385 -nan
0.771386 -nan
0.773387 -nan
0.775388 -nan
0.777389 -nan
0.77939 -nan
0.781391 -nan
0.783392 -nan
0.785393 -nan
0.787394 -nan
0.789395 -nan
0.791396 -nan
0.793397 -nan
0.795398 -nan
0.797399 -nan
0.7994 -nan
0.801401 -nan
0.803402 -nan
0.805403 -nan
0.807404 -nan
0.809405 -nan
0.811406 -nan
0.813407 -nan
0.815408 -nan
0.817409 -nan
0.81941 -nan
0.821411 -nan
0.823412 -nan
0.825413 -nan
0.827414 -nan
0.829415 -nan
0.831416 -nan
0.833417 -nan
0.835418 -nan
0.837419 -nan
0.83942 -nan
0.841421 -nan
0.843422 -nan
0.845423 -nan
0.847424 -nan
0.849425 -nan
0.851426 -nan
0.853427 -nan
0.855428 -nan
0.857429 -nan
0.85943 -nan
0.861431 -nan
0.863432 -nan
0.865433 -nan
0.867434 -nan
0.869435 -nan
0.871436 -nan
0.873437 -nan
0.875438 -nan
0.877439 -nan
0.87944 -nan
0.881441 -nan
0.883442 -nan
0.885443 -nan
0.887444 -nan
0.889445 -nan
0.891446 -nan
0.893447 -nan
0.895448 -nan
0.897449 -nan
0.89945 -nan
0.901451 -nan
0.903452 -nan
0.905453 -nan
0.907454 -nan
0.909455 -nan
0.911456 -nan
0.913457 -nan
0.915458 -nan
0.917459 -nan
0.91946 -nan
0.921461 -nan
0.923462 -nan
0.925463 -nan
0.927464 -nan
0.929465 -nan
0.931466 -nan
0.933467 -nan
0.935468 -nan
0.937469 -nan
0.93947 -nan
0.941471 -nan
0.943472 -nan
0.945473 -nan
0.947474 -nan
0.949475 -nan
0.951476 -nan
0.953477 -nan
0.955478 -nan
0.957479 -nan
0.95948 -nan
0.961481 -nan
0.963482 -nan
0.965483 -nan
0.967484 -nan
0.969485 -nan
0.971486 -nan
0.973487 -nan
0.975488 -nan
0.977489 -nan
0.97949 -nan
0.981491 -nan
0.983492 -nan
0.985493 -nan
0.987494 -nan
0.989495 -nan
0.991496 -nan
0.993497 -nan
0.995498 -nan
0.997499 -nan
0.9995 -nan
1.0015 -nan
1.0035 -nan
1.0055 -nan
1.0075 -nan
1.0095 -nan
1.01151 -nan
1.01351 -nan
1.01551 -nan
1.01751 -nan
1.01951 -nan
1.02151 -nan
1.02351 -nan
1.02551 -nan
1.02751 -nan
1.02951 -nan
1.03152 -nan
1.03352 -nan
1.03552 -nan
1.03752 -nan
1.03952 -nan
1.04152 -nan
1.04352 -nan
1.04552 -nan
1.04752 -nan
1.04952 -nan
1.05153 -nan
1.05353 -nan
1.05553 -nan
1.05753 -nan
1.05953 -nan
1.06153 -nan
1.06353 -nan
1.06553 -nan
1.06753 -nan
1.06953 -nan
1.07154 -nan
1.07354 -nan
1.07554 -nan
1.07754 -nan
1.07954 -nan
1.08154 -nan
1.08354 -nan
1.08554 -nan
1.08754 -nan
1.08954 -nan
1.09155 -nan
1.09355 -nan
1.09555 -nan
1.09755 -nan
1.09955 -nan
1.10155 -nan
1.10355 -nan
1.10555 -nan
1.10755 -nan
1.10955 -nan
1.11156 -nan
1.11356 -nan
1.11556 -nan
1.11756 -nan
1.11956 -nan
1.12156 -nan
1.12356 -nan
1.12556 -nan
1.12756 -nan
1.12956 -nan
1.13157 -nan
1.13357 -nan
1.13557 -nan
1.13757 -nan
1.13957 -nan
1.14157 -nan
1.14357 -nan
1.14557 -nan
1.14757 -nan
1.14957 -nan
1.15158 -nan
1.15358 -nan
1.15558 -nan
1.15758 -nan
1.15958 -nan
1.16158 -nan
1.16358 -nan
1.16558 -nan
1.16758 -nan
1.16958 -nan
1.17159 -nan
1.17359 -nan
1.17559 -nan
1.17759 -nan
1.17959 -nan
1.18159 -nan
1.18359 -nan
1.18559 -nan
1.18759 -nan
1.18959 -nan
1.1916 -nan
1.1936 -nan
1.1956 -nan
1.1976 -nan
1.1996 -nan
1.2016 -nan
1.2036 -nan
1.2056 -nan
1.2076 -nan
1.2096 -nan
1.21161 -nan
1.21361 -nan
1.21561 -nan
1.21761 -nan
1.21961 -nan
1.22161 -nan
1.22361 -nan
1.22561 -nan
1.22761 -nan
1.22961 -nan
1.23162 -nan
1.23362 -nan
1.23562 -nan
1.23762 -nan
1.23962 -nan
1.24162 -nan
1.24362 -nan
1.24562 -nan
1.24762 -nan
1.24962 -nan
1.25163 -nan
1.25363 -nan
1.25563 -nan
1.25763 -nan
1.25963 -nan
1.26163 -nan
1.26363 -nan
1.26563 -nan
1.26763 -nan
1.26963 -nan
1.27164 -nan
1.27364 -nan
1.27564 -nan
1.27764 -nan
1.27964 -nan
1.28164 -nan
1.28364 -nan
1.28564 -nan
1.28764 -nan
1.28964 -nan
1.29165 -nan
1.29365 -nan
1.29565 -nan
1.29765 -nan
1.29965 -nan
1.30165 -nan
1.30365 -nan
1.30565 -nan
1.30765 -nan
1.30965 -nan
1.31166 -nan
1.31366 -nan
1.31566 -nan
1.31766 -nan
1.31966 -nan
1.32166 -nan
1.32366 -nan
1.32566 -nan
1.32766 -nan
1.32966 -nan
1.33167 -nan
1.33367 -nan
1.33567 -nan
1.33767 -nan
1.33967 -nan
1.34167 -nan
1.34367 -nan
1.34567 -nan
1.34767 -nan
1.34967 -nan
1.35168 -nan
1.35368 -nan
1.35568 -nan
1.35768 -nan
1.35968 -nan
1.36168 -nan
1.36368 -nan
1.36568 -nan
1.36768 -nan
1.36968 -nan
1.37169 -nan
1.37369 -nan
1.37569 -nan
1.37769 -nan
1.37969 -nan
1.38169 -nan
1.38369 -nan
1.38569 -nan
1.38769 -nan
1.38969 -nan
1.3917 -nan
1.3937 -nan
1.3957 -nan
1.3977 -nan
1.3997 -nan
1.4017 -nan
1.4037 -nan
1.4057 -nan
1.4077 -nan
1.4097 -nan
1.41171 -nan
1.41371 -nan
1.41571 -nan
1.41771 -nan
1.41971 -nan
1.42171 -nan
1.42371 -nan
1.42571 -nan
1.42771 -nan
1.42971 -nan
1.43172 -nan
1.43372 -nan
1.43572 -nan
1.43772 -nan
1.43972 -nan
1.44172 -nan
1.44372 -nan
1.44572 -nan
1.44772 -nan
1.44972 -nan
1.45173 -nan
1.45373 -nan
1.45573 -nan
1.45773 -nan
1.45973 -nan
1.46173 -nan
1.46373 -nan
1.46573 -nan
1.46773 -nan
1.46973 -nan
1.47174 -nan
1.47374 -nan
1.47574 -nan
1.47774 -nan
1.47974 -nan
1.48174 -nan
1.48374 -nan
1.48574 -nan
1.48774 -nan
1.48974 -nan
1.49175 -nan
1.49375 -nan
1.49575 -nan
1.49775 -nan
1.49975 -nan
1.50175 -nan
1.50375 -nan
1.50575 -nan
1.50775 -nan
1.50975 -nan
1.51176 -nan
1.51376 -nan
1.51576 -nan
1.51776 -nan
1.51976 -nan
1.52176 -nan
1.52376 -nan
1.52576 -nan
1.52776 -nan
1.52976 -nan
1.53177 -nan
1.53377 -nan
1.53577 -nan
1.53777 -nan
1.53977 -nan
1.54177 -nan
1.54377 -nan
1.54577 -nan
1.54777 -nan
1.54977 -nan
1.55178 -nan
1.55378 -nan
1.55578 -nan
1.55778 -nan
1.55978 -nan
1.56178 -nan
1.56378 -nan
1.56578 -nan
1.56778 -nan
1.56978 -nan
1.57179 -nan
1.57379 -nan
1.57579 -nan
1.57779 -nan
1.57979 -nan
1.58179 -nan
1.58379 -nan
1.58579 -nan
1.58779 -nan
1.58979 -nan
1.5918 -nan
1.5938 -nan
1.5958 -nan
1.5978 -nan
1.5998 -nan
1.6018 -nan
1.6038 -nan
1.6058 -nan
1.6078 -nan
1.6098 -nan
1.61181 -nan
1.61381 -nan
1.61581 -nan
1.61781 -nan
1.61981 -nan
1.62181 -nan
1.62381 -nan
1.62581 -nan
1.62781 -nan
1.62981 -nan
1.63182 -nan
1.63382 -nan
1.63582 -nan
1.63782 -nan
1.63982 -nan
1.64182 -nan
1.64382 -nan
1.64582 -nan
1.64782 -nan
1.64982 -nan
1.65183 -nan
1.65383 -nan
1.65583 -nan
1.65783 -nan
1.65983 -nan
1.66183 -nan
1.66383 -nan
1.66583 -nan
1.66783 -nan
1.66983 -nan
1.67184 -nan
1.67384 -nan
1.67584 -nan
1.67784 -nan
1.67984 -nan
1.68184 -nan
1.68384 -nan
1.68584 -nan
1.68784 -nan
1.68984 -nan
1.69185 -nan
1.69385 -nan
1.69585 -nan
1.69785 -nan
1.69985 -nan
1.70185 -nan
1.70385 -nan
1.70585 -nan
1.70785 -nan
1.70985 -nan
1.71186 -nan
1.71386 -nan
1.71586 -nan
1.71786 -nan
1.71986 -nan
1.72186 -nan
1.72386 -nan
1.72586 -nan
1.72786 -nan
1.72986 -nan
1.73187 -nan
1.73387 -nan
1.73587 -nan
1.73787 -nan
1.73987 -nan
1.74187 -nan
1.74387 -nan
1.74587 -nan
1.74787 -nan
1.74987 -nan
1.75188 -nan
1.75388 -nan
1.75588 -nan
1.75788 -nan
1.75988 -nan
1.76188 -nan
1.76388 -nan
1.76588 -nan
1.76788 -nan
1.76988 -nan
1.77189 -nan
1.77389 -nan
1.77589 -nan
1.77789 -nan
1.77989 -nan
1.78189 -nan
1.78389 -nan
1.78589 -nan
1.78789 -nan
1.78989 -nan
1.7919 -nan
1.7939 -nan
1.7959 -nan
1.7979 -nan
1.7999 -nan
1.8019 -nan
1.8039 -nan
1.8059 -nan
1.8079 -nan
1.8099 -nan
1.81191 -nan
1.81391 -nan
1.81591 -nan
1.81791 -nan
1.81991 -nan
1.82191 -nan
1.82391 -nan
1.82591 -nan
1.82791 -nan
1.82991 -nan
1.83192 -nan
1.83392 -nan
1.83592 -nan
1.83792 -nan
1.83992 -nan
1.84192 -nan
1.84392 -nan
1.84592 -nan
1.84792 -nan
1.84992 -nan
1.85193 -nan
1.85393 -nan
1.85593 -nan
1.85793 -nan
1.85993 -nan
1.86193 -nan
1.86393 -nan
1.86593 -nan
1.86793 -nan
1.86993 -nan
1.87194 -nan
1.87394 -nan
1.87594 -nan
1.87794 -nan
1.87994 -nan
1.88194 -nan
1.88394 -nan
1.88594 -nan
1.88794 -nan
1.88994 -nan
1.89195 -nan
1.89395 -nan
1.89595 -nan
1.89795 -nan
1.89995 -nan
1.90195 -nan
1.90395 -nan
1.90595 -nan
1.90795 -nan
1.90995 -nan
1.91196 -nan
1.91396 -nan
1.91596 -nan
1.91796 -nan
1.91996 -nan
1.92196 -nan
1.92396 -nan
1.92596 -nan
1.92796 -nan
1.92996 -nan
1.93197 -nan
1.93397 -nan
1.93597 -nan
1.93797 -nan
1.93997 -nan
1.94197 -nan
1.94397 -nan
1.94597 -nan
1.94797 -nan
1.94997 -nan
1.95198 -nan
1.95398 -nan
1.95598 -nan
1.95798 -nan
1.95998 -nan
1.96198 -nan
1.96398 -nan
1.96598 -nan
1.96798 -nan
1.96998 -nan
1.97199 -nan
1.97399 -nan
1.97599 -nan
1.97799 -nan
1.97999 -nan
1.98199 -nan
1.98399 -nan
1.98599 -nan
1.98799 -nan
1.98999 -nan
1.992 -nan
1.994 -nan
1.996 -nan
1.998 -nan
2 -nan
