-4.98999 24.911
-4.97998 24.822
-4.96997 24.7331
-4.95996 24.6441
-4.94995 24.5551
-4.93994 24.4661
-4.92993 24.3772
-4.91992 24.2882
-4.90991 24.1992
-4.8999 24.1102
-4.88989 24.0212
-4.87988 23.9323
-4.86987 23.8433
-4.85986 23.7543
-4.84985 23.6653
-4.83984 23.5764
-4.82983 23.4874
-4.81982 23.3984
-4.80981 23.3094
-4.7998 23.2204
-4.78979 23.1315
-4.77978 23.0425
-4.76977 22.9535
-4.75976 22.8645
-4.74975 22.7756
-4.73974 22.6866
-4.72973 22.5976
-4.71972 22.5086
-4.70971 22.4196
-4.6997 22.3307
-4.68969 22.2417
-4.67968 22.1527
-4.66967 22.0637
-4.65966 21.9748
-4.64965 21.8858
-4.63964 21.7968
-4.62963 21.7078
-4.61962 21.6188
-4.60961 21.5299
-4.5996 21.4409
-4.58959 21.3519
-4.57958 21.2629
-4.56957 21.174
-4.55956 21.085
-4.54955 20.996
-4.53954 20.907
-4.52953 20.818
-4.51952 20.7291
-4.50951 20.6401
-4.4995 20.5511
-4.48949 20.4621
-4.47948 20.3732
-4.46947 20.2842
-4.45946 20.1952
-4.44945 20.1062
-4.43944 20.0172
-4.42943 19.9283
-4.41942 19.8393
-4.40941 19.7503
-4.3994 19.6613
-4.38939 19.5724
-4.37938 19.4834
-4.36937 19.3944
-4.35936 19.3054
-4.34935 19.2164
-4.33934 19.1275
-4.32933 19.0385
-4.31932 18.9495
-4.30931 18.8605
-4.2993 18.7715
-4.28929 18.6826
-4.27928 18.5936
-4.26927 18.5046
-4.25926 18.4156
-4.24925 18.3267
-4.23924 18.2377
-4.22923 18.1487
-4.21922 18.0597
-4.20921 17.9707
-4.1992 17.8818
-4.18919 17.7928
-4.17918 17.7038
-4.16917 17.6148
-4.15916 17.5259
-4.14915 17.4369
-4.13914 17.3479
-4.12913 17.2589
-4.11912 17.1699
-4.10911 17.081
-4.0991 16.992
-4.08909 16.903
-4.07908 16.814
-4.06907 16.7251
-4.05906 16.6361
-4.04905 16.5471
-4.03904 16.4581
-4.02903 16.3691
-4.01902 16.2802
-4.00901 16.1912
-3.999 16.1022
-3.98899 16.0132
-3.97898 15.9243
-3.96897 15.8353
-3.95896 15.7463
-3.94895 15.6573
-3.93894 15.5683
-3.92893 15.4794
-3.91892 15.3904
-3.90891 15.3014
-3.8989 15.2124
-3.87888 15.0567
-3.86887 14.99
-3.85886 14.9233
-3.84885 14.8565
-3.83884 14.7898
-3.82883 14.7231
-3.81882 14.6563
-3.80881 14.5896
-3.7988 14.5229
-3.78879 14.4561
-3.77878 14.3894
-3.76877 14.3227
-3.75876 14.2559
-3.74875 14.1892
-3.73874 14.1225
-3.72873 14.0557
-3.71872 13.989
-3.70871 13.9223
-3.6987 13.8555
-3.68869 13.7888
-3.67868 13.7221
-3.66867 13.6553
-3.65866 13.5886
-3.64865 13.5219
-3.63864 13.4551
-3.62863 13.3884
-3.61862 13.3217
-3.60861 13.2549
-3.5986 13.1882
-3.58859 13.1215
-3.57858 13.0547
-3.56857 12.988
-3.55856 12.9213
-3.54855 12.8545
-3.53854 12.7878
-3.52853 12.7211
-3.51852 12.6543
-3.50851 12.5876
-3.4985 12.5209
-3.48849 12.4541
-3.47848 12.3874
-3.46847 12.3207
-3.45846 12.2539
-3.44845 12.1872
-3.43844 12.1205
-3.42843 12.0537
-3.41842 11.987
-3.40841 11.9203
-3.3984 11.8535
-3.38839 11.7868
-3.37838 11.7201
-3.36837 11.6533
-3.35836 11.5866
-3.34835 11.5199
-3.33834 11.4531
-3.32833 11.3864
-3.31832 11.3197
-3.30831 11.2529
-3.2983 11.1862
-3.28829 11.1195
-3.27828 11.0527
-3.26827 10.986
-3.25826 10.9193
-3.24825 10.8525
-3.23824 10.7858
-3.22823 10.7191
-3.21822 10.6523
-3.20821 10.5856
-3.1982 10.5189
-3.18819 10.4521
-3.17818 10.3854
-3.16817 10.3187
-3.15816 10.2519
-3.14815 10.1852
-3.13814 10.1185
-3.12813 10.0517
-3.11812 9.98498
-3.10811 9.91825
-3.0981 9.85152
-3.08809 9.78478
-3.07808 9.71805
-3.06807 9.65132
-3.05806 9.58458
-3.04805 9.51785
-3.03804 9.45112
-3.02803 9.38438
-3.01802 9.31765
-3.00801 9.25092
-2.998 9.18418
-2.98799 9.11745
-2.97798 9.05072
-2.96797 8.98398
-2.95796 8.91725
-2.94795 8.85052
-2.93794 8.78378
-2.92793 8.71705
-2.91792 8.65032
-2.90791 8.58358
-2.8979 8.51685
-2.88789 8.45012
-2.87788 8.38338
-2.86787 8.31665
-2.85786 8.24992
-2.84785 8.18318
-2.83784 8.11645
-2.82783 8.04972
-2.81782 7.98298
-2.80781 7.91625
-2.7978 7.84952
-2.78779 7.78278
-2.76777 7.67156
-2.75776 7.62707
-2.74775 7.58258
-2.73774 7.53809
-2.72773 7.4936
-2.71772 7.44912
-2.70771 7.40463
-2.6977 7.36014
-2.68769 7.31565
-2.67768 7.27116
-2.66767 7.22667
-2.65766 7.18218
-2.64765 7.13769
-2.63764 7.0932
-2.62763 7.04872
-2.61762 7.00423
-2.60761 6.95974
-2.5976 6.91525
-2.58759 6.87076
-2.57758 6.82627
-2.56757 6.78178
-2.55756 6.73729
-2.54755 6.6928
-2.53754 6.64831
-2.52753 6.60383
-2.51752 6.55934
-2.50751 6.51485
-2.4975 6.47036
-2.48749 6.42587
-2.47748 6.38138
-2.46747 6.33689
-2.45746 6.2924
-2.44745 6.24791
-2.43744 6.20343
-2.42743 6.15894
-2.41742 6.11445
-2.40741 6.06996
-2.3974 6.02547
-2.38739 5.98098
-2.37738 5.93649
-2.36737 5.892
-2.35736 5.84751
-2.34735 5.80303
-2.33734 5.75854
-2.32733 5.71405
-2.31732 5.66956
-2.30731 5.62507
-2.2973 5.58058
-2.28729 5.53609
-2.27728 5.4916
-2.26727 5.44711
-2.25726 5.40262
-2.24725 5.35814
-2.23724 5.31365
-2.22723 5.26916
-2.21722 5.22467
-2.20721 5.18018
-2.1972 5.13569
-2.18719 5.0912
-2.17718 5.04671
-2.16717 5.00222
-2.15716 4.95774
-2.14715 4.91325
-2.13714 4.86876
-2.12713 4.82427
-2.11712 4.77978
-2.10711 4.73529
-2.0971 4.6908
-2.08709 4.64631
-2.07708 4.60182
-2.06707 4.55734
-2.05706 4.51285
-2.04705 4.46836
-2.03704 4.42387
-2.02703 4.37938
-2.01702 4.33489
-2.00701 4.2904
-1.997 4.24591
-1.98699 4.20142
-1.97698 4.15693
-1.96697 4.11245
-1.95696 4.06796
-1.94695 4.02347
-1.93694 3.97898
-1.92693 3.93449
-1.91692 3.89
-1.90691 3.84551
-1.8969 3.80102
-1.88689 3.75653
-1.87688 3.71205
-1.86687 3.66756
-1.85686 3.62307
-1.84685 3.57858
-1.83684 3.53409
-1.82683 3.4896
-1.81682 3.44511
-1.80681 3.40062
-1.7968 3.35613
-1.78679 3.31164
-1.77678 3.26716
-1.76677 3.22267
-1.75676 3.17818
-1.74675 3.13369
-1.73674 3.0892
-1.72673 3.04471
-1.71672 3.00022
-1.70671 2.95573
-1.6967 2.91124
-1.68669 2.86676
-1.67668 2.82227
-1.65666 2.75553
-1.64665 2.73329
-1.63664 2.71104
-1.62663 2.6888
-1.61662 2.66656
-1.60661 2.64431
-1.5966 2.62207
-1.58659 2.59982
-1.57658 2.57758
-1.56657 2.55533
-1.55656 2.53309
-1.54655 2.51084
-1.53654 2.4886
-1.52653 2.46636
-1.51652 2.44411
-1.50651 2.42187
-1.4965 2.39962
-1.48649 2.37738
-1.47648 2.35513
-1.46647 2.33289
-1.45646 2.31064
-1.44645 2.2884
-1.43644 2.26616
-1.42643 2.24391
-1.41642 2.22167
-1.40641 2.19942
-1.3964 2.17718
-1.38639 2.15493
-1.37638 2.13269
-1.36637 2.11044
-1.35636 2.0882
-1.34635 2.06595
-1.33634 2.04371
-1.32633 2.02147
-1.31632 1.99922
-1.30631 1.97698
-1.2963 1.95473
-1.28629 1.93249
-1.27628 1.91024
-1.26627 1.888
-1.25626 1.86575
-1.24625 1.84351
-1.23624 1.82127
-1.22623 1.79902
-1.21622 1.77678
-1.20621 1.75453
-1.1962 1.73229
-1.18619 1.71004
-1.17618 1.6878
-1.16617 1.66555
-1.15616 1.64331
-1.14615 1.62107
-1.13614 1.59882
-1.12613 1.57658
-1.11612 1.55433
-1.10611 1.53209
-1.0961 1.50984
-1.08609 1.4876
-1.07608 1.46535
-1.06607 1.44311
-1.05606 1.42087
-1.04605 1.39862
-1.03604 1.37638
-1.02603 1.35413
-1.01602 1.33189
-1.00601 1.30964
-0.995996 1.2874
-0.985986 1.26515
-0.975976 1.24291
-0.965966 1.22067
-0.955956 1.19842
-0.945946 1.17618
-0.935936 1.15393
-0.925926 1.13169
-0.915916 1.10944
-0.905906 1.0872
-0.895896 1.06495
-0.885886 1.04271
-0.875876 1.02046
-0.865866 0.99822
-0.855856 0.975976
-0.845846 0.953732
-0.835836 0.931487
-0.825826 0.909243
-0.815816 0.886998
-0.805806 0.864754
-0.795796 0.842509
-0.785786 0.820265
-0.775776 0.79802
-0.765766 0.775776
-0.755756 0.753531
-0.745746 0.731287
-0.735736 0.709042
-0.725726 0.686798
-0.715716 0.664553
-0.705706 0.642309
-0.695696 0.620065
-0.685686 0.59782
-0.675676 0.575576
-0.665666 0.553331
-0.655656 0.531087
-0.645646 0.508842
-0.635636 0.486598
-0.625626 0.464353
-0.615616 0.442109
-0.605606 0.419864
-0.595596 0.39762
-0.585586 0.375375
-0.575576 0.353131
-0.565566 0.330886
-0.545546 0.308642
-0.535536 0.308642
-0.525526 0.308642
-0.515516 0.308642
-0.505506 0.308642
-0.495495 0.308642
-0.485485 0.308642
-0.475475 0.308642
-0.465465 0.308642
-0.455455 0.308642
-0.445445 0.308642
-0.435435 0.308642
-0.425425 0.308642
-0.415415 0.308642
-0.405405 0.308642
-0.395395 0.308642
-0.385385 0.308642
-0.375375 0.308642
-0.365365 0.308642
-0.355355 0.308642
-0.345345 0.308642
-0.335335 0.308642
-0.325325 0.308642
-0.315315 0.308642
-0.305305 0.308642
-0.295295 0.308642
-0.285285 0.308642
-0.275275 0.308642
-0.265265 0.308642
-0.255255 0.308642
-0.245245 0.308642
-0.235235 0.308642
-0.225225 0.308642
-0.215215 0.308642
-0.205205 0.308642
-0.195195 0.308642
-0.185185 0.308642
-0.175175 0.308642
-0.165165 0.308642
-0.155155 0.308642
-0.145145 0.308642
-0.135135 0.308642
-0.125125 0.308642
-0.115115 0.308642
-0.105105 0.308642
-0.0950951 0.308642
-0.0850851 0.308642
-0.0750751 0.308642
-0.0650651 0.308642
-0.0550551 0.308642
-0.045045 0.308642
-0.035035 0.308642
-0.025025 0.308642
-0.015015 0.308642
-0.00500501 0.308642
0.00500501 0.308642
0.015015 0.308642
0.025025 0.308642
0.035035 0.308642
0.045045 0.308642
0.0550551 0.308642
0.0650651 0.308642
0.0750751 0.308642
0.0850851 0.308642
0.0950951 0.308642
0.105105 0.308642
0.115115 0.308642
0.125125 0.308642
0.135135 0.308642
0.145145 0.308642
0.155155 0.308642
0.165165 0.308642
0.175175 0.308642
0.185185 0.308642
0.195195 0.308642
0.205205 0.308642
0.215215 0.308642
0.225225 0.308642
0.235235 0.308642
0.245245 0.308642
0.255255 0.308642
0.265265 0.308642
0.275275 0.308642
0.285285 0.308642
0.295295 0.308642
0.305305 0.308642
0.315315 0.308642
0.325325 0.308642
0.335335 0.308642
0.345345 0.308642
0.355355 0.308642
0.365365 0.308642
0.375375 0.308642
0.385385 0.308642
0.395395 0.308642
0.405405 0.308642
0.415415 0.308642
0.425425 0.308642
0.435435 0.308642
0.445445 0.308642
0.455455 0.308642
0.465465 0.308642
0.475475 0.308642
0.485485 0.308642
0.495495 0.308642
0.505506 0.308642
0.515516 0.308642
0.525526 0.308642
0.535536 0.308642
0.545546 0.308642
0.565566 0.330886
0.575576 0.353131
0.585586 0.375375
0.595596 0.39762
0.605606 0.419864
0.615616 0.442109
0.625626 0.464353
0.635636 0.486598
0.645646 0.508842
0.655656 0.531087
0.665666 0.553331
0.675676 0.575576
0.685686 0.59782
0.695696 0.620065
0.705706 0.642309
0.715716 0.664553
0.725726 0.686798
0.735736 0.709042
0.745746 0.731287
0.755756 0.753531
0.765766 0.775776
0.775776 0.79802
0.785786 0.820265
0.795796 0.842509
0.805806 0.864754
0.815816 0.886998
0.825826 0.909243
0.835836 0.931487
0.845846 0.953732
0.855856 0.975976
0.865866 0.99822
0.875876 1.02046
0.885886 1.04271
0.895896 1.06495
0.905906 1.0872
0.915916 1.10944
0.925926 1.13169
0.935936 1.15393
0.945946 1.17618
0.955956 1.19842
0.965966 1.22067
0.975976 1.24291
0.985986 1.26515
0.995996 1.2874
1.00601 1.30964
1.01602 1.33189
1.02603 1.35413
1.03604 1.37638
1.04605 1.39862
1.05606 1.42087
1.06607 1.44311
1.07608 1.46535
1.08609 1.4876
1.0961 1.50984
1.10611 1.53209
1.11612 1.55433
1.12613 1.57658
1.13614 1.59882
1.14615 1.62107
1.15616 1.64331
1.16617 1.66555
1.17618 1.6878
1.18619 1.71004
1.1962 1.73229
1.20621 1.75453
1.21622 1.77678
1.22623 1.79902
1.23624 1.82127
1.24625 1.84351
1.25626 1.86575
1.26627 1.888
1.27628 1.91024
1.28629 1.93249
1.2963 1.95473
1.30631 1.97698
1.31632 1.99922
1.32633 2.02147
1.33634 2.04371
1.34635 2.06595
1.35636 2.0882
1.36637 2.11044
1.37638 2.13269
1.38639 2.15493
1.3964 2.17718
1.40641 2.19942
1.41642 2.22167
1.42643 2.24391
1.43644 2.26616
1.44645 2.2884
1.45646 2.31064
1.46647 2.33289
1.47648 2.35513
1.48649 2.37738
1.4965 2.39962
1.50651 2.42187
1.51652 2.44411
1.52653 2.46636
1.53654 2.4886
1.54655 2.51084
1.55656 2.53309
1.56657 2.55533
1.57658 2.57758
1.58659 2.59982
1.5966 2.62207
1.60661 2.64431
1.61662 2.66656
1.62663 2.6888
1.63664 2.71104
1.64665 2.73329
1.65666 2.75553
1.67668 2.82227
1.68669 2.86676
1.6967 2.91124
1.70671 2.95573
1.71672 3.00022
1.72673 3.04471
1.73674 3.0892
1.74675 3.13369
1.75676 3.17818
1.76677 3.22267
1.77678 3.26716
1.78679 3.31164
1.7968 3.35613
1.80681 3.40062
1.81682 3.44511
1.82683 3.4896
1.83684 3.53409
1.84685 3.57858
1.85686 3.62307
1.86687 3.66756
1.87688 3.71205
1.88689 3.75653
1.8969 3.80102
1.90691 3.84551
1.91692 3.89
1.92693 3.93449
1.93694 3.97898
1.94695 4.02347
1.95696 4.06796
1.96697 4.11245
1.97698 4.15693
1.98699 4.20142
1.997 4.24591
2.00701 4.2904
2.01702 4.33489
2.02703 4.37938
2.03704 4.42387
2.04705 4.46836
2.05706 4.51285
2.06707 4.55734
2.07708 4.60182
2.08709 4.64631
2.0971 4.6908
2.10711 4.73529
2.11712 4.77978
2.12713 4.82427
2.13714 4.86876
2.14715 4.91325
2.15716 4.95774
2.16717 5.00222
2.17718 5.04671
2.18719 5.0912
2.1972 5.13569
2.20721 5.18018
2.21722 5.22467
2.22723 5.26916
2.23724 5.31365
2.24725 5.35814
2.25726 5.40262
2.26727 5.44711
2.27728 5.4916
2.28729 5.53609
2.2973 5.58058
2.30731 5.62507
2.31732 5.66956
2.32733 5.71405
2.33734 5.75854
2.34735 5.80303
2.35736 5.84751
2.36737 5.892
2.37738 5.93649
2.38739 5.98098
2.3974 6.02547
2.40741 6.06996
2.41742 6.11445
2.42743 6.15894
2.43744 6.20343
2.44745 6.24791
2.45746 6.2924
2.46747 6.33689
2.47748 6.38138
2.48749 6.42587
2.4975 6.47036
2.50751 6.51485
2.51752 6.55934
2.52753 6.60383
2.53754 6.64831
2.54755 6.6928
2.55756 6.73729
2.56757 6.78178
2.57758 6.82627
2.58759 6.87076
2.5976 6.91525
2.60761 6.95974
2.61762 7.00423
2.62763 7.04872
2.63764 7.0932
2.64765 7.13769
2.65766 7.18218
2.66767 7.22667
2.67768 7.27116
2.68769 7.31565
2.6977 7.36014
2.70771 7.40463
2.71772 7.44912
2.72773 7.4936
2.73774 7.53809
2.74775 7.58258
2.75776 7.62707
2.76777 7.67156
2.77778 7.71605
2.78779 7.78278
2.7978 7.84952
2.80781 7.91625
2.81782 7.98298
2.82783 8.04972
2.83784 8.11645
2.84785 8.18318
2.85786 8.24992
2.86787 8.31665
2.87788 8.38338
2.88789 8.45012
2.8979 8.51685
2.90791 8.58358
2.91792 8.65032
2.92793 8.71705
2.93794 8.78378
2.94795 8.85052
2.95796 8.91725
2.96797 8.98398
2.97798 9.05072
2.98799 9.11745
2.998 9.18418
3.00801 9.25092
3.01802 9.31765
3.02803 9.38438
3.03804 9.45112
3.04805 9.51785
3.05806 9.58458
3.06807 9.65132
3.07808 9.71805
3.08809 9.78478
3.0981 9.85152
3.10811 9.91825
3.11812 9.98498
3.12813 10.0517
3.13814 10.1185
3.14815 10.1852
3.15816 10.2519
3.16817 10.3187
3.17818 10.3854
3.18819 10.4521
3.1982 10.5189
3.20821 10.5856
3.21822 10.6523
3.22823 10.7191
3.23824 10.7858
3.24825 10.8525
3.25826 10.9193
3.26827 10.986
3.27828 11.0527
3.28829 11.1195
3.2983 11.1862
3.30831 11.2529
3.31832 11.3197
3.32833 11.3864
3.33834 11.4531
3.34835 11.5199
3.35836 11.5866
3.36837 11.6533
3.37838 11.7201
3.38839 11.7868
3.3984 11.8535
3.40841 11.9203
3.41842 11.987
3.42843 12.0537
3.43844 12.1205
3.44845 12.1872
3.45846 12.2539
3.46847 12.3207
3.47848 12.3874
3.48849 12.4541
3.4985 12.5209
3.50851 12.5876
3.51852 12.6543
3.52853 12.7211
3.53854 12.7878
3.54855 12.8545
3.55856 12.9213
3.56857 12.988
3.57858 13.0547
3.58859 13.1215
3.5986 13.1882
3.60861 13.2549
3.61862 13.3217
3.62863 13.3884
3.63864 13.4551
3.64865 13.5219
3.65866 13.5886
3.66867 13.6553
3.67868 13.7221
3.68869 13.7888
3.6987 13.8555
3.70871 13.9223
3.71872 13.989
3.72873 14.0557
3.73874 14.1225
3.74875 14.1892
3.75876 14.2559
3.76877 14.3227
3.77878 14.3894
3.78879 14.4561
3.7988 14.5229
3.80881 14.5896
3.81882 14.6563
3.82883 14.7231
3.83884 14.7898
3.84885 14.8565
3.85886 14.9233
3.86887 14.99
3.87888 15.0567
3.8989 15.2124
3.90891 15.3014
3.91892 15.3904
3.92893 15.4794
3.93894 15.5683
3.94895 15.6573
3.95896 15.7463
3.96897 15.8353
3.97898 15.9243
3.98899 16.0132
3.999 16.1022
4.00901 16.1912
4.01902 16.2802
4.02903 16.3691
4.03904 16.4581
4.04905 16.5471
4.05906 16.6361
4.06907 16.7251
4.07908 16.814
4.08909 16.903
4.0991 16.992
4.10911 17.081
4.11912 17.1699
4.12913 17.2589
4.13914 17.3479
4.14915 17.4369
4.15916 17.5259
4.16917 17.6148
4.17918 17.7038
4.18919 17.7928
4.1992 17.8818
4.20921 17.9707
4.21922 18.0597
4.22923 18.1487
4.23924 18.2377
4.24925 18.3267
4.25926 18.4156
4.26927 18.5046
4.27928 18.5936
4.28929 18.6826
4.2993 18.7715
4.30931 18.8605
4.31932 18.9495
4.32933 19.0385
4.33934 19.1275
4.34935 19.2164
4.35936 19.3054
4.36937 19.3944
4.37938 19.4834
4.38939 19.5724
4.3994 19.6613
4.40941 19.7503
4.41942 19.8393
4.42943 19.9283
4.43944 20.0172
4.44945 20.1062
4.45946 20.1952
4.46947 20.2842
4.47948 20.3732
4.48949 20.4621
4.4995 20.5511
4.50951 20.6401
4.51952 20.7291
4.52953 20.818
4.53954 20.907
4.54955 20.996
4.55956 21.085
4.56957 21.174
4.57958 21.2629
4.58959 21.3519
4.5996 21.4409
4.60961 21.5299
4.61962 21.6188
4.62963 21.7078
4.63964 21.7968
4.64965 21.8858
4.65966 21.9748
4.66967 22.0637
4.67968 22.1527
4.68969 22.2417
4.6997 22.3307
4.70971 22.4196
4.71972 22.5086
4.72973 22.5976
4.73974 22.6866
4.74975 22.7756
4.75976 22.8645
4.76977 22.9535
4.77978 23.0425
4.78979 23.1315
4.7998 23.2204
4.80981 23.3094
4.81982 23.3984
4.82983 23.4874
4.83984 23.5764
4.84985 23.6653
4.85986 23.7543
4.86987 23.8433
4.87988 23.9323
4.88989 24.0212
4.8999 24.1102
4.90991 24.1992
4.91992 24.2882
4.92993 24.3772
4.93994 24.4661
4.94995 24.5551
4.95996 24.6441
4.96997 24.7331
4.97998 24.822
4.98999 24.911
